
1   2 2
spin component  1
  0.1067 -0.0000  0.0000 -0.0005 -0.0000
 -0.0000  0.0995 -0.0001 -0.0000 -0.0005
  0.0000 -0.0001  0.2422 -0.0000 -0.0010
 -0.0005 -0.0000 -0.0000  0.1013 -0.0000
 -0.0000 -0.0005 -0.0010 -0.0000  0.2498
spin component  2
  0.1067  0.0000 -0.0000 -0.0005 -0.0000
  0.0000  0.0996 -0.0001  0.0000 -0.0005
 -0.0000 -0.0001  0.2423 -0.0000 -0.0010
 -0.0005  0.0000 -0.0000  0.1014 -0.0000
 -0.0000 -0.0005 -0.0010 -0.0000  0.2498

2   2 2
spin component  1
  0.1065 -0.0007 -0.0003 -0.0008 -0.0002
 -0.0007  0.1004 -0.0004  0.0000 -0.0001
 -0.0003 -0.0004  0.2422 -0.0003 -0.0000
 -0.0008  0.0000 -0.0003  0.1002  0.0001
 -0.0002 -0.0001 -0.0000  0.0001  0.2487
spin component  2
  0.1066 -0.0007 -0.0003 -0.0009 -0.0002
 -0.0007  0.1003 -0.0004  0.0000 -0.0001
 -0.0003 -0.0004  0.2423 -0.0003 -0.0000
 -0.0009  0.0000 -0.0003  0.1002  0.0001
 -0.0002 -0.0001 -0.0000  0.0001  0.2487

3   2 2
spin component  1
  0.1065  0.0007  0.0003 -0.0009  0.0002
  0.0007  0.1004 -0.0004 -0.0000 -0.0001
  0.0003 -0.0004  0.2423  0.0003 -0.0000
 -0.0009 -0.0000  0.0003  0.1002 -0.0001
  0.0002 -0.0001 -0.0000 -0.0001  0.2487
spin component  2
  0.1065  0.0007  0.0003 -0.0008  0.0002
  0.0007  0.1003 -0.0004 -0.0000 -0.0001
  0.0003 -0.0004  0.2422  0.0003 -0.0000
 -0.0008 -0.0000  0.0003  0.1002 -0.0001
  0.0002 -0.0001 -0.0000 -0.0001  0.2486

4   2 2
spin component  1
  0.1071  0.0000  0.0000 -0.0000 -0.0000
  0.0000  0.1008  0.0000 -0.0000  0.0000
  0.0000  0.0000  0.2415 -0.0000  0.0003
 -0.0000 -0.0000 -0.0000  0.1001  0.0000
 -0.0000  0.0000  0.0003  0.0000  0.2508
spin component  2
  0.1071 -0.0000 -0.0000  0.0000 -0.0000
 -0.0000  0.1008 -0.0000  0.0000  0.0000
 -0.0000 -0.0000  0.2415 -0.0000  0.0003
  0.0000  0.0000 -0.0000  0.1001  0.0000
 -0.0000  0.0000  0.0003  0.0000  0.2509

5   2 2
spin component  1
  0.1068 -0.0004 -0.0000  0.0000 -0.0000
 -0.0004  0.1013  0.0000  0.0000 -0.0000
 -0.0000  0.0000  0.2413  0.0003  0.0011
  0.0000  0.0000  0.0003  0.0996  0.0002
 -0.0000 -0.0000  0.0011  0.0002  0.2500
spin component  2
  0.1069 -0.0004  0.0000 -0.0000 -0.0000
 -0.0004  0.1013 -0.0000 -0.0000 -0.0000
  0.0000 -0.0000  0.2413  0.0003  0.0011
 -0.0000 -0.0000  0.0003  0.0997  0.0002
 -0.0000 -0.0000  0.0011  0.0002  0.2500

6   2 2
spin component  1
  0.1069  0.0004 -0.0000 -0.0000 -0.0000
  0.0004  0.1013  0.0000  0.0000  0.0000
 -0.0000  0.0000  0.2413 -0.0003  0.0011
 -0.0000  0.0000 -0.0003  0.0997 -0.0002
 -0.0000  0.0000  0.0011 -0.0002  0.2500
spin component  2
  0.1068  0.0004 -0.0000 -0.0000 -0.0000
  0.0004  0.1013 -0.0000 -0.0000 -0.0000
 -0.0000 -0.0000  0.2413 -0.0003  0.0011
 -0.0000 -0.0000 -0.0003  0.0997 -0.0002
 -0.0000 -0.0000  0.0011 -0.0002  0.2500

7   2 2
spin component  1
  0.1067  0.0000  0.0000  0.0005  0.0000
  0.0000  0.0995  0.0001  0.0000  0.0005
  0.0000  0.0001  0.2423  0.0000 -0.0010
  0.0005  0.0000  0.0000  0.1013 -0.0000
  0.0000  0.0005 -0.0010 -0.0000  0.2498
spin component  2
  0.1067  0.0000  0.0000  0.0005 -0.0000
  0.0000  0.0995  0.0001  0.0000  0.0005
  0.0000  0.0001  0.2423  0.0000 -0.0010
  0.0005  0.0000  0.0000  0.1014 -0.0000
 -0.0000  0.0005 -0.0010 -0.0000  0.2498

8   2 2
spin component  1
  0.1065 -0.0007  0.0003  0.0009  0.0002
 -0.0007  0.1005  0.0004 -0.0000  0.0001
  0.0003  0.0004  0.2423 -0.0003  0.0000
  0.0009 -0.0000 -0.0003  0.1002  0.0001
  0.0002  0.0001  0.0000  0.0001  0.2487
spin component  2
  0.1065 -0.0007  0.0003  0.0009  0.0002
 -0.0007  0.1003  0.0004 -0.0000  0.0001
  0.0003  0.0004  0.2423 -0.0003 -0.0000
  0.0009 -0.0000 -0.0003  0.1002  0.0001
  0.0002  0.0001 -0.0000  0.0001  0.2487

9   2 2
spin component  1
  0.1065  0.0007 -0.0003  0.0009 -0.0002
  0.0007  0.1005  0.0004  0.0000  0.0001
 -0.0003  0.0004  0.2423  0.0003  0.0000
  0.0009  0.0000  0.0003  0.1002 -0.0001
 -0.0002  0.0001  0.0000 -0.0001  0.2487
spin component  2
  0.1065  0.0007 -0.0003  0.0009 -0.0002
  0.0007  0.1003  0.0004  0.0000  0.0001
 -0.0003  0.0004  0.2422  0.0003 -0.0000
  0.0009  0.0000  0.0003  0.1002 -0.0001
 -0.0002  0.0001 -0.0000 -0.0001  0.2487

10   2 2
spin component  1
  0.1071 -0.0005 -0.0002 -0.0007 -0.0007
 -0.0005  0.1006  0.0004  0.0000  0.0005
 -0.0002  0.0004  0.2412  0.0001  0.0002
 -0.0007  0.0000  0.0001  0.1003  0.0000
 -0.0007  0.0005  0.0002  0.0000  0.2500
spin component  2
  0.1071 -0.0006 -0.0002 -0.0006 -0.0007
 -0.0006  0.1007  0.0004  0.0001  0.0005
 -0.0002  0.0004  0.2412  0.0001  0.0002
 -0.0006  0.0001  0.0001  0.1004  0.0000
 -0.0007  0.0005  0.0002  0.0000  0.2501

11   2 2
spin component  1
  0.1084 -0.0000 -0.0000 -0.0020 -0.0000
 -0.0000  0.1031  0.0047 -0.0000  0.0055
 -0.0000  0.0047  0.2390 -0.0000  0.0069
 -0.0020 -0.0000 -0.0000  0.1001 -0.0000
 -0.0000  0.0055  0.0069 -0.0000  0.2514
spin component  2
  0.1065 -0.0000 -0.0000 -0.0013 -0.0000
 -0.0000  0.1035  0.0050 -0.0000  0.0059
 -0.0000  0.0050  0.2391  0.0000  0.0071
 -0.0013 -0.0000  0.0000  0.0998  0.0000
 -0.0000  0.0059  0.0071  0.0000  0.2516

12   2 2
spin component  1
  0.1072  0.0006  0.0002 -0.0006  0.0007
  0.0006  0.1006  0.0004 -0.0001  0.0005
  0.0002  0.0004  0.2412 -0.0001  0.0002
 -0.0006 -0.0001 -0.0001  0.1003 -0.0000
  0.0007  0.0005  0.0002 -0.0000  0.2500
spin component  2
  0.1071  0.0006  0.0002 -0.0006  0.0007
  0.0006  0.1007  0.0004 -0.0001  0.0005
  0.0002  0.0004  0.2412 -0.0001  0.0002
 -0.0006 -0.0001 -0.0001  0.1003 -0.0000
  0.0007  0.0005  0.0002 -0.0000  0.2500

13   2 2
spin component  1
  0.1072 -0.0006  0.0002  0.0007  0.0006
 -0.0006  0.1007 -0.0004 -0.0001 -0.0005
  0.0002 -0.0004  0.2412  0.0001  0.0002
  0.0007 -0.0001  0.0001  0.1003 -0.0000
  0.0006 -0.0005  0.0002 -0.0000  0.2500
spin component  2
  0.1070 -0.0006  0.0002  0.0006  0.0007
 -0.0006  0.1007 -0.0004 -0.0001 -0.0005
  0.0002 -0.0004  0.2412  0.0001  0.0002
  0.0006 -0.0001  0.0001  0.1003  0.0000
  0.0007 -0.0005  0.0002  0.0000  0.2500

14   2 2
spin component  1
  0.1084  0.0000  0.0000  0.0020 -0.0000
  0.0000  0.1031 -0.0047  0.0000 -0.0055
  0.0000 -0.0047  0.2391  0.0000  0.0069
  0.0020  0.0000  0.0000  0.1001  0.0000
 -0.0000 -0.0055  0.0069  0.0000  0.2514
spin component  2
  0.1065 -0.0000  0.0000  0.0013  0.0000
 -0.0000  0.1035 -0.0050 -0.0000 -0.0059
  0.0000 -0.0050  0.2391 -0.0000  0.0071
  0.0013 -0.0000 -0.0000  0.0998 -0.0000
  0.0000 -0.0059  0.0071 -0.0000  0.2516

15   2 2
spin component  1
  0.1072  0.0005 -0.0002  0.0007 -0.0007
  0.0005  0.1007 -0.0004  0.0001 -0.0005
 -0.0002 -0.0004  0.2412 -0.0001  0.0002
  0.0007  0.0001 -0.0001  0.1004 -0.0000
 -0.0007 -0.0005  0.0002 -0.0000  0.2500
spin component  2
  0.1071  0.0006 -0.0002  0.0006 -0.0007
  0.0006  0.1006 -0.0004  0.0001 -0.0005
 -0.0002 -0.0004  0.2412 -0.0001  0.0002
  0.0006  0.0001 -0.0001  0.1003 -0.0000
 -0.0007 -0.0005  0.0002 -0.0000  0.2500

16   2 2
spin component  1
  0.1076 -0.0022 -0.0000  0.0000  0.0000
 -0.0022  0.0960  0.0000  0.0000 -0.0000
 -0.0000  0.0000  0.2370  0.0085 -0.0149
  0.0000  0.0000  0.0085  0.1113 -0.0115
  0.0000 -0.0000 -0.0149 -0.0115  0.2630
spin component  2
  0.1073 -0.0022  0.0000  0.0000  0.0000
 -0.0022  0.0958 -0.0000  0.0000 -0.0000
  0.0000 -0.0000  0.2335  0.0069 -0.0097
  0.0000  0.0000  0.0069  0.1097 -0.0087
  0.0000 -0.0000 -0.0097 -0.0087  0.2540

17   2 2
spin component  1
  0.0000  0.0000  0.0000  0.0000  0.0000
  0.0000  0.0000  0.0000  0.0000  0.0000
  0.0000  0.0000  0.0000  0.0000  0.0000
  0.0000  0.0000  0.0000  1.0000  0.0000
  0.0000  0.0000  0.0000  0.0000  0.0000
spin component  2
  0.0000  0.0000  0.0000  0.0000  0.0000
  0.0000  0.0000  0.0000  0.0000  0.0000
  0.0000  0.0000  0.0000  0.0000  0.0000
  0.0000  0.0000  0.0000  0.0000  0.0000
  0.0000  0.0000  0.0000  0.0000  0.0000

18   2 2
spin component  1
  0.1077  0.0022 -0.0000  0.0000  0.0000
  0.0022  0.0960 -0.0000 -0.0000  0.0000
 -0.0000 -0.0000  0.2370 -0.0085 -0.0149
  0.0000 -0.0000 -0.0085  0.1113  0.0115
  0.0000  0.0000 -0.0149  0.0115  0.2630
spin component  2
  0.1073  0.0022 -0.0000  0.0000  0.0000
  0.0022  0.0958 -0.0000 -0.0000 -0.0000
 -0.0000 -0.0000  0.2334 -0.0069 -0.0097
  0.0000 -0.0000 -0.0069  0.1097  0.0087
  0.0000 -0.0000 -0.0097  0.0087  0.2540

19   2 2
spin component  1
  0.1070  0.0000  0.0000  0.0004  0.0000
  0.0000  0.1013 -0.0006 -0.0000 -0.0011
  0.0000 -0.0006  0.2408  0.0000  0.0003
  0.0004 -0.0000  0.0000  0.1003  0.0000
  0.0000 -0.0011  0.0003  0.0000  0.2494
spin component  2
  0.1070 -0.0000 -0.0000  0.0004 -0.0000
 -0.0000  0.1013 -0.0006  0.0000 -0.0011
 -0.0000 -0.0006  0.2409 -0.0000  0.0003
  0.0004  0.0000 -0.0000  0.1003 -0.0000
 -0.0000 -0.0011  0.0003 -0.0000  0.2494

20   2 2
spin component  1
  0.1067  0.0005 -0.0001  0.0003 -0.0010
  0.0005  0.1011 -0.0008  0.0001 -0.0014
 -0.0001 -0.0008  0.2411 -0.0005  0.0005
  0.0003  0.0001 -0.0005  0.1001  0.0008
 -0.0010 -0.0014  0.0005  0.0008  0.2493
spin component  2
  0.1067  0.0006 -0.0001  0.0003 -0.0010
  0.0006  0.1009 -0.0008  0.0000 -0.0013
 -0.0001 -0.0008  0.2411 -0.0005  0.0005
  0.0003  0.0000 -0.0005  0.1001  0.0008
 -0.0010 -0.0013  0.0005  0.0008  0.2493

21   2 2
spin component  1
  0.1067 -0.0005  0.0001  0.0003  0.0010
 -0.0005  0.1011 -0.0008 -0.0000 -0.0014
  0.0001 -0.0008  0.2411  0.0005  0.0005
  0.0003 -0.0000  0.0005  0.1001 -0.0008
  0.0010 -0.0014  0.0005 -0.0008  0.2493
spin component  2
  0.1067 -0.0006  0.0001  0.0003  0.0010
 -0.0006  0.1009 -0.0008 -0.0000 -0.0013
  0.0001 -0.0008  0.2411  0.0005  0.0005
  0.0003 -0.0000  0.0005  0.1001 -0.0008
  0.0010 -0.0013  0.0005 -0.0008  0.2493

22   2 2
spin component  1
  0.1070 -0.0000 -0.0000 -0.0004 -0.0000
 -0.0000  0.1014  0.0006  0.0000  0.0011
 -0.0000  0.0006  0.2408  0.0000  0.0003
 -0.0004  0.0000  0.0000  0.1003 -0.0000
 -0.0000  0.0011  0.0003 -0.0000  0.2494
spin component  2
  0.1070  0.0000  0.0000 -0.0004 -0.0000
  0.0000  0.1013  0.0006 -0.0000  0.0011
  0.0000  0.0006  0.2408  0.0000  0.0003
 -0.0004 -0.0000  0.0000  0.1003  0.0000
 -0.0000  0.0011  0.0003  0.0000  0.2494

23   2 2
spin component  1
  0.1066  0.0005  0.0001 -0.0003  0.0010
  0.0005  0.1011  0.0008 -0.0000  0.0014
  0.0001  0.0008  0.2411 -0.0005  0.0005
 -0.0003 -0.0000 -0.0005  0.1001  0.0008
  0.0010  0.0014  0.0005  0.0008  0.2493
spin component  2
  0.1067  0.0006  0.0001 -0.0003  0.0010
  0.0006  0.1009  0.0008 -0.0000  0.0013
  0.0001  0.0008  0.2411 -0.0005  0.0005
 -0.0003 -0.0000 -0.0005  0.1001  0.0008
  0.0010  0.0013  0.0005  0.0008  0.2493

24   2 2
spin component  1
  0.1067 -0.0005 -0.0001 -0.0003 -0.0010
 -0.0005  0.1011  0.0008  0.0001  0.0014
 -0.0001  0.0008  0.2411  0.0005  0.0005
 -0.0003  0.0001  0.0005  0.1001 -0.0008
 -0.0010  0.0014  0.0005 -0.0008  0.2493
spin component  2
  0.1067 -0.0006 -0.0001 -0.0003 -0.0010
 -0.0006  0.1009  0.0008  0.0000  0.0013
 -0.0001  0.0008  0.2411  0.0005  0.0005
 -0.0003  0.0000  0.0005  0.1001 -0.0008
 -0.0010  0.0013  0.0005 -0.0008  0.2493

25   2 2
spin component  1
  0.1080  0.0000  0.0000 -0.0000 -0.0000
  0.0000  0.0970  0.0000  0.0000  0.0000
  0.0000  0.0000  0.2419  0.0000 -0.0071
 -0.0000  0.0000  0.0000  0.1036  0.0000
 -0.0000  0.0000 -0.0071  0.0000  0.2547
spin component  2
  0.1081 -0.0000  0.0000  0.0000 -0.0000
 -0.0000  0.0970  0.0000  0.0000 -0.0000
  0.0000  0.0000  0.2414 -0.0000 -0.0068
  0.0000  0.0000 -0.0000  0.1034 -0.0000
 -0.0000 -0.0000 -0.0068 -0.0000  0.2545

26   2 2
spin component  1
  0.1054  0.0014  0.0000 -0.0000 -0.0000
  0.0014  0.1019  0.0000 -0.0000 -0.0000
  0.0000  0.0000  0.2471 -0.0030 -0.0035
 -0.0000 -0.0000 -0.0030  0.0963  0.0006
 -0.0000 -0.0000 -0.0035  0.0006  0.2509
spin component  2
  0.1054  0.0015  0.0000 -0.0000 -0.0000
  0.0015  0.1019 -0.0000 -0.0000 -0.0000
  0.0000 -0.0000  0.2458 -0.0028 -0.0060
 -0.0000 -0.0000 -0.0028  0.0976  0.0006
 -0.0000 -0.0000 -0.0060  0.0006  0.2481

27   2 2
spin component  1
  0.1054 -0.0014  0.0000 -0.0000  0.0000
 -0.0014  0.1019 -0.0000 -0.0000  0.0000
  0.0000 -0.0000  0.2471  0.0030 -0.0035
 -0.0000 -0.0000  0.0030  0.0963 -0.0006
  0.0000  0.0000 -0.0035 -0.0006  0.2509
spin component  2
  0.1054 -0.0015 -0.0000  0.0000  0.0000
 -0.0015  0.1019  0.0000  0.0000  0.0000
 -0.0000  0.0000  0.2458  0.0028 -0.0060
  0.0000  0.0000  0.0028  0.0976 -0.0006
  0.0000  0.0000 -0.0060 -0.0006  0.2481

28   2 2
spin component  1
  0.1067  0.0004 -0.0002  0.0007  0.0008
  0.0004  0.0999 -0.0005  0.0001 -0.0006
 -0.0002 -0.0005  0.2414 -0.0003 -0.0006
  0.0007  0.0001 -0.0003  0.1013  0.0013
  0.0008 -0.0006 -0.0006  0.0013  0.2491
spin component  2
  0.1067  0.0003 -0.0002  0.0007  0.0008
  0.0003  0.0998 -0.0005  0.0000 -0.0006
 -0.0002 -0.0005  0.2414 -0.0003 -0.0006
  0.0007  0.0000 -0.0003  0.1014  0.0013
  0.0008 -0.0006 -0.0006  0.0013  0.2492

29   2 2
spin component  1
  0.1120  0.0000  0.0000  0.0040 -0.0000
  0.0000  0.0990 -0.0020  0.0000 -0.0009
  0.0000 -0.0020  0.2430 -0.0000  0.0058
  0.0040  0.0000 -0.0000  0.0994 -0.0000
 -0.0000 -0.0009  0.0058 -0.0000  0.2497
spin component  2
  0.1076  0.0000  0.0000  0.0032 -0.0000
  0.0000  0.0992 -0.0019 -0.0000 -0.0009
  0.0000 -0.0019  0.2429  0.0000  0.0059
  0.0032 -0.0000  0.0000  0.0995 -0.0000
 -0.0000 -0.0009  0.0059 -0.0000  0.2496

30   2 2
spin component  1
  0.1067 -0.0004  0.0002  0.0007 -0.0008
 -0.0004  0.0999 -0.0005 -0.0001 -0.0006
  0.0002 -0.0005  0.2415  0.0003 -0.0006
  0.0007 -0.0001  0.0003  0.1013 -0.0013
 -0.0008 -0.0006 -0.0006 -0.0013  0.2492
spin component  2
  0.1067 -0.0003  0.0002  0.0007 -0.0008
 -0.0003  0.0998 -0.0005 -0.0000 -0.0006
  0.0002 -0.0005  0.2414  0.0003 -0.0006
  0.0007 -0.0000  0.0003  0.1014 -0.0013
 -0.0008 -0.0006 -0.0006 -0.0013  0.2492

31   2 2
spin component  1
  0.1070  0.0004  0.0000 -0.0000  0.0000
  0.0004  0.1006 -0.0000 -0.0000 -0.0000
  0.0000 -0.0000  0.2410 -0.0006  0.0003
 -0.0000 -0.0000 -0.0006  0.1007  0.0009
  0.0000 -0.0000  0.0003  0.0009  0.2497
spin component  2
  0.1071  0.0004  0.0000 -0.0000  0.0000
  0.0004  0.1006 -0.0000  0.0000 -0.0000
  0.0000 -0.0000  0.2410 -0.0006  0.0003
 -0.0000  0.0000 -0.0006  0.1008  0.0008
  0.0000 -0.0000  0.0003  0.0008  0.2497

32   2 2
spin component  1
  0.1074 -0.0000 -0.0000  0.0000  0.0000
 -0.0000  0.1024 -0.0000 -0.0000  0.0000
 -0.0000 -0.0000  0.2409 -0.0000  0.0053
  0.0000 -0.0000 -0.0000  0.0982 -0.0000
  0.0000  0.0000  0.0053 -0.0000  0.2527
spin component  2
  0.1075  0.0000 -0.0000  0.0000  0.0000
  0.0000  0.1025 -0.0000  0.0000 -0.0000
 -0.0000 -0.0000  0.2409  0.0000  0.0053
  0.0000  0.0000  0.0000  0.0983  0.0000
  0.0000 -0.0000  0.0053  0.0000  0.2527

33   2 2
spin component  1
  0.1071 -0.0004  0.0000 -0.0000 -0.0000
 -0.0004  0.1006 -0.0000  0.0000  0.0000
  0.0000 -0.0000  0.2410  0.0006  0.0003
 -0.0000  0.0000  0.0006  0.1007 -0.0008
 -0.0000  0.0000  0.0003 -0.0008  0.2497
spin component  2
  0.1070 -0.0004  0.0000  0.0000 -0.0000
 -0.0004  0.1006 -0.0000 -0.0000 -0.0000
  0.0000 -0.0000  0.2410  0.0006  0.0003
  0.0000 -0.0000  0.0006  0.1008 -0.0008
 -0.0000 -0.0000  0.0003 -0.0008  0.2496

34   2 2
spin component  1
  0.1068  0.0004  0.0002 -0.0007 -0.0008
  0.0004  0.0999  0.0005 -0.0001  0.0006
  0.0002  0.0005  0.2415 -0.0003 -0.0006
 -0.0007 -0.0001 -0.0003  0.1013  0.0013
 -0.0008  0.0006 -0.0006  0.0013  0.2492
spin component  2
  0.1067  0.0003  0.0002 -0.0007 -0.0008
  0.0003  0.0998  0.0005 -0.0000  0.0006
  0.0002  0.0005  0.2415 -0.0003 -0.0006
 -0.0007 -0.0000 -0.0003  0.1014  0.0013
 -0.0008  0.0006 -0.0006  0.0013  0.2492

35   2 2
spin component  1
  0.1120  0.0000  0.0000 -0.0040 -0.0000
  0.0000  0.0990  0.0020 -0.0000  0.0009
  0.0000  0.0020  0.2430  0.0000  0.0058
 -0.0040 -0.0000  0.0000  0.0994 -0.0000
 -0.0000  0.0009  0.0058 -0.0000  0.2497
spin component  2
  0.1077 -0.0000  0.0000 -0.0032 -0.0000
 -0.0000  0.0992  0.0018  0.0000  0.0009
  0.0000  0.0018  0.2429 -0.0000  0.0059
 -0.0032  0.0000 -0.0000  0.0995  0.0000
 -0.0000  0.0009  0.0059  0.0000  0.2497

36   2 2
spin component  1
  0.1068 -0.0004 -0.0002 -0.0007  0.0008
 -0.0004  0.0999  0.0005  0.0001  0.0006
 -0.0002  0.0005  0.2414  0.0003 -0.0006
 -0.0007  0.0001  0.0003  0.1013 -0.0013
  0.0008  0.0006 -0.0006 -0.0013  0.2491
spin component  2
  0.1067 -0.0003 -0.0002 -0.0007  0.0008
 -0.0003  0.0998  0.0005  0.0000  0.0006
 -0.0002  0.0005  0.2414  0.0003 -0.0006
 -0.0007  0.0000  0.0003  0.1014 -0.0013
  0.0008  0.0006 -0.0006 -0.0013  0.2492

37   2 2
spin component  1
  0.0000  0.0000  0.0000  0.0000  0.0000
  0.0000  0.0000  0.0000  0.0000  0.0000
  0.0000  0.0000  0.0000  0.0000  0.0000
  0.0000  0.0000  0.0000  0.0000  0.0000
  0.0000  0.0000  0.0000  0.0000  0.0000
spin component  2
  0.0000  0.0000  0.0000  0.0000  0.0000
  0.0000  0.0000  0.0000  0.0000  0.0000
  0.0000  0.0000  0.0000  0.0000  0.0000
  0.0000  0.0000  0.0000  0.0000  0.0000
  0.0000  0.0000  0.0000  0.0000  0.0000

38   2 2
spin component  1
  0.0000  0.0000  0.0000  0.0000  0.0000
  0.0000  0.0000  0.0000  0.0000  0.0000
  0.0000  0.0000  0.0000  0.0000  0.0000
  0.0000  0.0000  0.0000  0.0000  0.0000
  0.0000  0.0000  0.0000  0.0000  0.0000
spin component  2
  0.0000  0.0000  0.0000  0.0000  0.0000
  0.0000  0.0000  0.0000  0.0000  0.0000
  0.0000  0.0000  0.0000  0.0000  0.0000
  0.0000  0.0000  0.0000  0.0000  0.0000
  0.0000  0.0000  0.0000  0.0000  0.0000

39   2 2
spin component  1
  0.0000  0.0000  0.0000  0.0000  0.0000
  0.0000  0.0000  0.0000  0.0000  0.0000
  0.0000  0.0000  0.0000  0.0000  0.0000
  0.0000  0.0000  0.0000  0.0000  0.0000
  0.0000  0.0000  0.0000  0.0000  0.0000
spin component  2
  0.0000  0.0000  0.0000  0.0000  0.0000
  0.0000  0.0000  0.0000  0.0000  0.0000
  0.0000  0.0000  0.0000  0.0000  0.0000
  0.0000  0.0000  0.0000  0.0000  0.0000
  0.0000  0.0000  0.0000  0.0000  0.0000

40   2 2
spin component  1
  0.0000  0.0000  0.0000  0.0000  0.0000
  0.0000  0.0000  0.0000  0.0000  0.0000
  0.0000  0.0000  0.0000  0.0000  0.0000
  0.0000  0.0000  0.0000  0.0000  0.0000
  0.0000  0.0000  0.0000  0.0000  0.0000
spin component  2
  0.0000  0.0000  0.0000  0.0000  0.0000
  0.0000  0.0000  0.0000  0.0000  0.0000
  0.0000  0.0000  0.0000  0.0000  0.0000
  0.0000  0.0000  0.0000  0.0000  0.0000
  0.0000  0.0000  0.0000  0.0000  0.0000

41   2 2
spin component  1
  0.0000  0.0000  0.0000  0.0000  0.0000
  0.0000  0.0000  0.0000  0.0000  0.0000
  0.0000  0.0000  0.0000  0.0000  0.0000
  0.0000  0.0000  0.0000  0.0000  0.0000
  0.0000  0.0000  0.0000  0.0000  0.0000
spin component  2
  0.0000  0.0000  0.0000  0.0000  0.0000
  0.0000  0.0000  0.0000  0.0000  0.0000
  0.0000  0.0000  0.0000  0.0000  0.0000
  0.0000  0.0000  0.0000  0.0000  0.0000
  0.0000  0.0000  0.0000  0.0000  0.0000

42   2 2
spin component  1
  0.0000  0.0000  0.0000  0.0000  0.0000
  0.0000  0.0000  0.0000  0.0000  0.0000
  0.0000  0.0000  0.0000  0.0000  0.0000
  0.0000  0.0000  0.0000  0.0000  0.0000
  0.0000  0.0000  0.0000  0.0000  0.0000
spin component  2
  0.0000  0.0000  0.0000  0.0000  0.0000
  0.0000  0.0000  0.0000  0.0000  0.0000
  0.0000  0.0000  0.0000  0.0000  0.0000
  0.0000  0.0000  0.0000  0.0000  0.0000
  0.0000  0.0000  0.0000  0.0000  0.0000

43   2 2
spin component  1
  0.0000  0.0000  0.0000  0.0000  0.0000
  0.0000  0.0000  0.0000  0.0000  0.0000
  0.0000  0.0000  0.0000  0.0000  0.0000
  0.0000  0.0000  0.0000  0.0000  0.0000
  0.0000  0.0000  0.0000  0.0000  0.0000
spin component  2
  0.0000  0.0000  0.0000  0.0000  0.0000
  0.0000  0.0000  0.0000  0.0000  0.0000
  0.0000  0.0000  0.0000  0.0000  0.0000
  0.0000  0.0000  0.0000  0.0000  0.0000
  0.0000  0.0000  0.0000  0.0000  0.0000

44   2 2
spin component  1
  0.0000  0.0000  0.0000  0.0000  0.0000
  0.0000  0.0000  0.0000  0.0000  0.0000
  0.0000  0.0000  0.0000  0.0000  0.0000
  0.0000  0.0000  0.0000  0.0000  0.0000
  0.0000  0.0000  0.0000  0.0000  0.0000
spin component  2
  0.0000  0.0000  0.0000  0.0000  0.0000
  0.0000  0.0000  0.0000  0.0000  0.0000
  0.0000  0.0000  0.0000  0.0000  0.0000
  0.0000  0.0000  0.0000  0.0000  0.0000
  0.0000  0.0000  0.0000  0.0000  0.0000

45   2 2
spin component  1
  0.0000  0.0000  0.0000  0.0000  0.0000
  0.0000  0.0000  0.0000  0.0000  0.0000
  0.0000  0.0000  0.0000  0.0000  0.0000
  0.0000  0.0000  0.0000  0.0000  0.0000
  0.0000  0.0000  0.0000  0.0000  0.0000
spin component  2
  0.0000  0.0000  0.0000  0.0000  0.0000
  0.0000  0.0000  0.0000  0.0000  0.0000
  0.0000  0.0000  0.0000  0.0000  0.0000
  0.0000  0.0000  0.0000  0.0000  0.0000
  0.0000  0.0000  0.0000  0.0000  0.0000

46   2 2
spin component  1
  0.0000  0.0000  0.0000  0.0000  0.0000
  0.0000  0.0000  0.0000  0.0000  0.0000
  0.0000  0.0000  0.0000  0.0000  0.0000
  0.0000  0.0000  0.0000  0.0000  0.0000
  0.0000  0.0000  0.0000  0.0000  0.0000
spin component  2
  0.0000  0.0000  0.0000  0.0000  0.0000
  0.0000  0.0000  0.0000  0.0000  0.0000
  0.0000  0.0000  0.0000  0.0000  0.0000
  0.0000  0.0000  0.0000  0.0000  0.0000
  0.0000  0.0000  0.0000  0.0000  0.0000

47   2 2
spin component  1
  0.0000  0.0000  0.0000  0.0000  0.0000
  0.0000  0.0000  0.0000  0.0000  0.0000
  0.0000  0.0000  0.0000  0.0000  0.0000
  0.0000  0.0000  0.0000  0.0000  0.0000
  0.0000  0.0000  0.0000  0.0000  0.0000
spin component  2
  0.0000  0.0000  0.0000  0.0000  0.0000
  0.0000  0.0000  0.0000  0.0000  0.0000
  0.0000  0.0000  0.0000  0.0000  0.0000
  0.0000  0.0000  0.0000  0.0000  0.0000
  0.0000  0.0000  0.0000  0.0000  0.0000

48   2 2
spin component  1
  0.0000  0.0000  0.0000  0.0000  0.0000
  0.0000  0.0000  0.0000  0.0000  0.0000
  0.0000  0.0000  0.0000  0.0000  0.0000
  0.0000  0.0000  0.0000  0.0000  0.0000
  0.0000  0.0000  0.0000  0.0000  0.0000
spin component  2
  0.0000  0.0000  0.0000  0.0000  0.0000
  0.0000  0.0000  0.0000  0.0000  0.0000
  0.0000  0.0000  0.0000  0.0000  0.0000
  0.0000  0.0000  0.0000  0.0000  0.0000
  0.0000  0.0000  0.0000  0.0000  0.0000

49   2 2
spin component  1
  0.0000  0.0000  0.0000  0.0000  0.0000
  0.0000  0.0000  0.0000  0.0000  0.0000
  0.0000  0.0000  0.0000  0.0000  0.0000
  0.0000  0.0000  0.0000  0.0000  0.0000
  0.0000  0.0000  0.0000  0.0000  0.0000
spin component  2
  0.0000  0.0000  0.0000  0.0000  0.0000
  0.0000  0.0000  0.0000  0.0000  0.0000
  0.0000  0.0000  0.0000  0.0000  0.0000
  0.0000  0.0000  0.0000  0.0000  0.0000
  0.0000  0.0000  0.0000  0.0000  0.0000

50   2 2
spin component  1
  0.0000  0.0000  0.0000  0.0000  0.0000
  0.0000  0.0000  0.0000  0.0000  0.0000
  0.0000  0.0000  0.0000  0.0000  0.0000
  0.0000  0.0000  0.0000  0.0000  0.0000
  0.0000  0.0000  0.0000  0.0000  0.0000
spin component  2
  0.0000  0.0000  0.0000  0.0000  0.0000
  0.0000  0.0000  0.0000  0.0000  0.0000
  0.0000  0.0000  0.0000  0.0000  0.0000
  0.0000  0.0000  0.0000  0.0000  0.0000
  0.0000  0.0000  0.0000  0.0000  0.0000

51   2 2
spin component  1
  0.0000  0.0000  0.0000  0.0000  0.0000
  0.0000  0.0000  0.0000  0.0000  0.0000
  0.0000  0.0000  0.0000  0.0000  0.0000
  0.0000  0.0000  0.0000  0.0000  0.0000
  0.0000  0.0000  0.0000  0.0000  0.0000
spin component  2
  0.0000  0.0000  0.0000  0.0000  0.0000
  0.0000  0.0000  0.0000  0.0000  0.0000
  0.0000  0.0000  0.0000  0.0000  0.0000
  0.0000  0.0000  0.0000  0.0000  0.0000
  0.0000  0.0000  0.0000  0.0000  0.0000

52   2 2
spin component  1
  0.0000  0.0000  0.0000  0.0000  0.0000
  0.0000  0.0000  0.0000  0.0000  0.0000
  0.0000  0.0000  0.0000  0.0000  0.0000
  0.0000  0.0000  0.0000  0.0000  0.0000
  0.0000  0.0000  0.0000  0.0000  0.0000
spin component  2
  0.0000  0.0000  0.0000  0.0000  0.0000
  0.0000  0.0000  0.0000  0.0000  0.0000
  0.0000  0.0000  0.0000  0.0000  0.0000
  0.0000  0.0000  0.0000  0.0000  0.0000
  0.0000  0.0000  0.0000  0.0000  0.0000

53   2 2
spin component  1
  0.0000  0.0000  0.0000  0.0000  0.0000
  0.0000  0.0000  0.0000  0.0000  0.0000
  0.0000  0.0000  0.0000  0.0000  0.0000
  0.0000  0.0000  0.0000  0.0000  0.0000
  0.0000  0.0000  0.0000  0.0000  0.0000
spin component  2
  0.0000  0.0000  0.0000  0.0000  0.0000
  0.0000  0.0000  0.0000  0.0000  0.0000
  0.0000  0.0000  0.0000  0.0000  0.0000
  0.0000  0.0000  0.0000  0.0000  0.0000
  0.0000  0.0000  0.0000  0.0000  0.0000

54   2 2
spin component  1
  0.0000  0.0000  0.0000  0.0000  0.0000
  0.0000  0.0000  0.0000  0.0000  0.0000
  0.0000  0.0000  0.0000  0.0000  0.0000
  0.0000  0.0000  0.0000  0.0000  0.0000
  0.0000  0.0000  0.0000  0.0000  0.0000
spin component  2
  0.0000  0.0000  0.0000  0.0000  0.0000
  0.0000  0.0000  0.0000  0.0000  0.0000
  0.0000  0.0000  0.0000  0.0000  0.0000
  0.0000  0.0000  0.0000  0.0000  0.0000
  0.0000  0.0000  0.0000  0.0000  0.0000

55   2 2
spin component  1
  0.0000  0.0000  0.0000  0.0000  0.0000
  0.0000  0.0000  0.0000  0.0000  0.0000
  0.0000  0.0000  0.0000  0.0000  0.0000
  0.0000  0.0000  0.0000  0.0000  0.0000
  0.0000  0.0000  0.0000  0.0000  0.0000
spin component  2
  0.0000  0.0000  0.0000  0.0000  0.0000
  0.0000  0.0000  0.0000  0.0000  0.0000
  0.0000  0.0000  0.0000  0.0000  0.0000
  0.0000  0.0000  0.0000  0.0000  0.0000
  0.0000  0.0000  0.0000  0.0000  0.0000

56   2 2
spin component  1
  0.0000  0.0000  0.0000  0.0000  0.0000
  0.0000  0.0000  0.0000  0.0000  0.0000
  0.0000  0.0000  0.0000  0.0000  0.0000
  0.0000  0.0000  0.0000  0.0000  0.0000
  0.0000  0.0000  0.0000  0.0000  0.0000
spin component  2
  0.0000  0.0000  0.0000  0.0000  0.0000
  0.0000  0.0000  0.0000  0.0000  0.0000
  0.0000  0.0000  0.0000  0.0000  0.0000
  0.0000  0.0000  0.0000  0.0000  0.0000
  0.0000  0.0000  0.0000  0.0000  0.0000

57   2 2
spin component  1
  0.0000  0.0000  0.0000  0.0000  0.0000
  0.0000  0.0000  0.0000  0.0000  0.0000
  0.0000  0.0000  0.0000  0.0000  0.0000
  0.0000  0.0000  0.0000  0.0000  0.0000
  0.0000  0.0000  0.0000  0.0000  0.0000
spin component  2
  0.0000  0.0000  0.0000  0.0000  0.0000
  0.0000  0.0000  0.0000  0.0000  0.0000
  0.0000  0.0000  0.0000  0.0000  0.0000
  0.0000  0.0000  0.0000  0.0000  0.0000
  0.0000  0.0000  0.0000  0.0000  0.0000

58   2 2
spin component  1
  0.0000  0.0000  0.0000  0.0000  0.0000
  0.0000  0.0000  0.0000  0.0000  0.0000
  0.0000  0.0000  0.0000  0.0000  0.0000
  0.0000  0.0000  0.0000  0.0000  0.0000
  0.0000  0.0000  0.0000  0.0000  0.0000
spin component  2
  0.0000  0.0000  0.0000  0.0000  0.0000
  0.0000  0.0000  0.0000  0.0000  0.0000
  0.0000  0.0000  0.0000  0.0000  0.0000
  0.0000  0.0000  0.0000  0.0000  0.0000
  0.0000  0.0000  0.0000  0.0000  0.0000

59   2 2
spin component  1
  0.0000  0.0000  0.0000  0.0000  0.0000
  0.0000  0.0000  0.0000  0.0000  0.0000
  0.0000  0.0000  0.0000  0.0000  0.0000
  0.0000  0.0000  0.0000  0.0000  0.0000
  0.0000  0.0000  0.0000  0.0000  0.0000
spin component  2
  0.0000  0.0000  0.0000  0.0000  0.0000
  0.0000  0.0000  0.0000  0.0000  0.0000
  0.0000  0.0000  0.0000  0.0000  0.0000
  0.0000  0.0000  0.0000  0.0000  0.0000
  0.0000  0.0000  0.0000  0.0000  0.0000

60   2 2
spin component  1
  0.0000  0.0000  0.0000  0.0000  0.0000
  0.0000  0.0000  0.0000  0.0000  0.0000
  0.0000  0.0000  0.0000  0.0000  0.0000
  0.0000  0.0000  0.0000  0.0000  0.0000
  0.0000  0.0000  0.0000  0.0000  0.0000
spin component  2
  0.0000  0.0000  0.0000  0.0000  0.0000
  0.0000  0.0000  0.0000  0.0000  0.0000
  0.0000  0.0000  0.0000  0.0000  0.0000
  0.0000  0.0000  0.0000  0.0000  0.0000
  0.0000  0.0000  0.0000  0.0000  0.0000

61   2 2
spin component  1
  0.0000  0.0000  0.0000  0.0000  0.0000
  0.0000  0.0000  0.0000  0.0000  0.0000
  0.0000  0.0000  0.0000  0.0000  0.0000
  0.0000  0.0000  0.0000  0.0000  0.0000
  0.0000  0.0000  0.0000  0.0000  0.0000
spin component  2
  0.0000  0.0000  0.0000  0.0000  0.0000
  0.0000  0.0000  0.0000  0.0000  0.0000
  0.0000  0.0000  0.0000  0.0000  0.0000
  0.0000  0.0000  0.0000  0.0000  0.0000
  0.0000  0.0000  0.0000  0.0000  0.0000

62   2 2
spin component  1
  0.0000  0.0000  0.0000  0.0000  0.0000
  0.0000  0.0000  0.0000  0.0000  0.0000
  0.0000  0.0000  0.0000  0.0000  0.0000
  0.0000  0.0000  0.0000  0.0000  0.0000
  0.0000  0.0000  0.0000  0.0000  0.0000
spin component  2
  0.0000  0.0000  0.0000  0.0000  0.0000
  0.0000  0.0000  0.0000  0.0000  0.0000
  0.0000  0.0000  0.0000  0.0000  0.0000
  0.0000  0.0000  0.0000  0.0000  0.0000
  0.0000  0.0000  0.0000  0.0000  0.0000

63   2 2
spin component  1
  0.0000  0.0000  0.0000  0.0000  0.0000
  0.0000  0.0000  0.0000  0.0000  0.0000
  0.0000  0.0000  0.0000  0.0000  0.0000
  0.0000  0.0000  0.0000  0.0000  0.0000
  0.0000  0.0000  0.0000  0.0000  0.0000
spin component  2
  0.0000  0.0000  0.0000  0.0000  0.0000
  0.0000  0.0000  0.0000  0.0000  0.0000
  0.0000  0.0000  0.0000  0.0000  0.0000
  0.0000  0.0000  0.0000  0.0000  0.0000
  0.0000  0.0000  0.0000  0.0000  0.0000

64   2 2
spin component  1
  0.0000  0.0000  0.0000  0.0000  0.0000
  0.0000  0.0000  0.0000  0.0000  0.0000
  0.0000  0.0000  0.0000  0.0000  0.0000
  0.0000  0.0000  0.0000  0.0000  0.0000
  0.0000  0.0000  0.0000  0.0000  0.0000
spin component  2
  0.0000  0.0000  0.0000  0.0000  0.0000
  0.0000  0.0000  0.0000  0.0000  0.0000
  0.0000  0.0000  0.0000  0.0000  0.0000
  0.0000  0.0000  0.0000  0.0000  0.0000
  0.0000  0.0000  0.0000  0.0000  0.0000

65   2 2
spin component  1
  0.0000  0.0000  0.0000  0.0000  0.0000
  0.0000  0.0000  0.0000  0.0000  0.0000
  0.0000  0.0000  0.0000  0.0000  0.0000
  0.0000  0.0000  0.0000  0.0000  0.0000
  0.0000  0.0000  0.0000  0.0000  0.0000
spin component  2
  0.0000  0.0000  0.0000  0.0000  0.0000
  0.0000  0.0000  0.0000  0.0000  0.0000
  0.0000  0.0000  0.0000  0.0000  0.0000
  0.0000  0.0000  0.0000  0.0000  0.0000
  0.0000  0.0000  0.0000  0.0000  0.0000

66   2 2
spin component  1
  0.0000  0.0000  0.0000  0.0000  0.0000
  0.0000  0.0000  0.0000  0.0000  0.0000
  0.0000  0.0000  0.0000  0.0000  0.0000
  0.0000  0.0000  0.0000  0.0000  0.0000
  0.0000  0.0000  0.0000  0.0000  0.0000
spin component  2
  0.0000  0.0000  0.0000  0.0000  0.0000
  0.0000  0.0000  0.0000  0.0000  0.0000
  0.0000  0.0000  0.0000  0.0000  0.0000
  0.0000  0.0000  0.0000  0.0000  0.0000
  0.0000  0.0000  0.0000  0.0000  0.0000

67   2 2
spin component  1
  0.0000  0.0000  0.0000  0.0000  0.0000
  0.0000  0.0000  0.0000  0.0000  0.0000
  0.0000  0.0000  0.0000  0.0000  0.0000
  0.0000  0.0000  0.0000  0.0000  0.0000
  0.0000  0.0000  0.0000  0.0000  0.0000
spin component  2
  0.0000  0.0000  0.0000  0.0000  0.0000
  0.0000  0.0000  0.0000  0.0000  0.0000
  0.0000  0.0000  0.0000  0.0000  0.0000
  0.0000  0.0000  0.0000  0.0000  0.0000
  0.0000  0.0000  0.0000  0.0000  0.0000

68   2 2
spin component  1
  0.0000  0.0000  0.0000  0.0000  0.0000
  0.0000  0.0000  0.0000  0.0000  0.0000
  0.0000  0.0000  0.0000  0.0000  0.0000
  0.0000  0.0000  0.0000  0.0000  0.0000
  0.0000  0.0000  0.0000  0.0000  0.0000
spin component  2
  0.0000  0.0000  0.0000  0.0000  0.0000
  0.0000  0.0000  0.0000  0.0000  0.0000
  0.0000  0.0000  0.0000  0.0000  0.0000
  0.0000  0.0000  0.0000  0.0000  0.0000
  0.0000  0.0000  0.0000  0.0000  0.0000

69   2 2
spin component  1
  0.0000  0.0000  0.0000  0.0000  0.0000
  0.0000  0.0000  0.0000  0.0000  0.0000
  0.0000  0.0000  0.0000  0.0000  0.0000
  0.0000  0.0000  0.0000  0.0000  0.0000
  0.0000  0.0000  0.0000  0.0000  0.0000
spin component  2
  0.0000  0.0000  0.0000  0.0000  0.0000
  0.0000  0.0000  0.0000  0.0000  0.0000
  0.0000  0.0000  0.0000  0.0000  0.0000
  0.0000  0.0000  0.0000  0.0000  0.0000
  0.0000  0.0000  0.0000  0.0000  0.0000

70   2 2
spin component  1
  0.0000  0.0000  0.0000  0.0000  0.0000
  0.0000  0.0000  0.0000  0.0000  0.0000
  0.0000  0.0000  0.0000  0.0000  0.0000
  0.0000  0.0000  0.0000  0.0000  0.0000
  0.0000  0.0000  0.0000  0.0000  0.0000
spin component  2
  0.0000  0.0000  0.0000  0.0000  0.0000
  0.0000  0.0000  0.0000  0.0000  0.0000
  0.0000  0.0000  0.0000  0.0000  0.0000
  0.0000  0.0000  0.0000  0.0000  0.0000
  0.0000  0.0000  0.0000  0.0000  0.0000

71   2 2
spin component  1
  0.0000  0.0000  0.0000  0.0000  0.0000
  0.0000  0.0000  0.0000  0.0000  0.0000
  0.0000  0.0000  0.0000  0.0000  0.0000
  0.0000  0.0000  0.0000  0.0000  0.0000
  0.0000  0.0000  0.0000  0.0000  0.0000
spin component  2
  0.0000  0.0000  0.0000  0.0000  0.0000
  0.0000  0.0000  0.0000  0.0000  0.0000
  0.0000  0.0000  0.0000  0.0000  0.0000
  0.0000  0.0000  0.0000  0.0000  0.0000
  0.0000  0.0000  0.0000  0.0000  0.0000

72   2 2
spin component  1
  0.0000  0.0000  0.0000  0.0000  0.0000
  0.0000  0.0000  0.0000  0.0000  0.0000
  0.0000  0.0000  0.0000  0.0000  0.0000
  0.0000  0.0000  0.0000  0.0000  0.0000
  0.0000  0.0000  0.0000  0.0000  0.0000
spin component  2
  0.0000  0.0000  0.0000  0.0000  0.0000
  0.0000  0.0000  0.0000  0.0000  0.0000
  0.0000  0.0000  0.0000  0.0000  0.0000
  0.0000  0.0000  0.0000  0.0000  0.0000
  0.0000  0.0000  0.0000  0.0000  0.0000

73   2 2
spin component  1
  0.0000  0.0000  0.0000  0.0000  0.0000
  0.0000  0.0000  0.0000  0.0000  0.0000
  0.0000  0.0000  0.0000  0.0000  0.0000
  0.0000  0.0000  0.0000  0.0000  0.0000
  0.0000  0.0000  0.0000  0.0000  0.0000
spin component  2
  0.0000  0.0000  0.0000  0.0000  0.0000
  0.0000  0.0000  0.0000  0.0000  0.0000
  0.0000  0.0000  0.0000  0.0000  0.0000
  0.0000  0.0000  0.0000  0.0000  0.0000
  0.0000  0.0000  0.0000  0.0000  0.0000

74   2 2
spin component  1
  0.0000  0.0000  0.0000  0.0000  0.0000
  0.0000  0.0000  0.0000  0.0000  0.0000
  0.0000  0.0000  0.0000  0.0000  0.0000
  0.0000  0.0000  0.0000  0.0000  0.0000
  0.0000  0.0000  0.0000  0.0000  0.0000
spin component  2
  0.0000  0.0000  0.0000  0.0000  0.0000
  0.0000  0.0000  0.0000  0.0000  0.0000
  0.0000  0.0000  0.0000  0.0000  0.0000
  0.0000  0.0000  0.0000  0.0000  0.0000
  0.0000  0.0000  0.0000  0.0000  0.0000

75   2 2
spin component  1
  0.0000  0.0000  0.0000  0.0000  0.0000
  0.0000  0.0000  0.0000  0.0000  0.0000
  0.0000  0.0000  0.0000  0.0000  0.0000
  0.0000  0.0000  0.0000  0.0000  0.0000
  0.0000  0.0000  0.0000  0.0000  0.0000
spin component  2
  0.0000  0.0000  0.0000  0.0000  0.0000
  0.0000  0.0000  0.0000  0.0000  0.0000
  0.0000  0.0000  0.0000  0.0000  0.0000
  0.0000  0.0000  0.0000  0.0000  0.0000
  0.0000  0.0000  0.0000  0.0000  0.0000

76   2 2
spin component  1
  0.0000  0.0000  0.0000  0.0000  0.0000
  0.0000  0.0000  0.0000  0.0000  0.0000
  0.0000  0.0000  0.0000  0.0000  0.0000
  0.0000  0.0000  0.0000  0.0000  0.0000
  0.0000  0.0000  0.0000  0.0000  0.0000
spin component  2
  0.0000  0.0000  0.0000  0.0000  0.0000
  0.0000  0.0000  0.0000  0.0000  0.0000
  0.0000  0.0000  0.0000  0.0000  0.0000
  0.0000  0.0000  0.0000  0.0000  0.0000
  0.0000  0.0000  0.0000  0.0000  0.0000

77   2 2
spin component  1
  0.0000  0.0000  0.0000  0.0000  0.0000
  0.0000  0.0000  0.0000  0.0000  0.0000
  0.0000  0.0000  0.0000  0.0000  0.0000
  0.0000  0.0000  0.0000  0.0000  0.0000
  0.0000  0.0000  0.0000  0.0000  0.0000
spin component  2
  0.0000  0.0000  0.0000  0.0000  0.0000
  0.0000  0.0000  0.0000  0.0000  0.0000
  0.0000  0.0000  0.0000  0.0000  0.0000
  0.0000  0.0000  0.0000  0.0000  0.0000
  0.0000  0.0000  0.0000  0.0000  0.0000

78   2 2
spin component  1
  0.0000  0.0000  0.0000  0.0000  0.0000
  0.0000  0.0000  0.0000  0.0000  0.0000
  0.0000  0.0000  0.0000  0.0000  0.0000
  0.0000  0.0000  0.0000  0.0000  0.0000
  0.0000  0.0000  0.0000  0.0000  0.0000
spin component  2
  0.0000  0.0000  0.0000  0.0000  0.0000
  0.0000  0.0000  0.0000  0.0000  0.0000
  0.0000  0.0000  0.0000  0.0000  0.0000
  0.0000  0.0000  0.0000  0.0000  0.0000
  0.0000  0.0000  0.0000  0.0000  0.0000

79   2 2
spin component  1
  0.0000  0.0000  0.0000  0.0000  0.0000
  0.0000  0.0000  0.0000  0.0000  0.0000
  0.0000  0.0000  0.0000  0.0000  0.0000
  0.0000  0.0000  0.0000  0.0000  0.0000
  0.0000  0.0000  0.0000  0.0000  0.0000
spin component  2
  0.0000  0.0000  0.0000  0.0000  0.0000
  0.0000  0.0000  0.0000  0.0000  0.0000
  0.0000  0.0000  0.0000  0.0000  0.0000
  0.0000  0.0000  0.0000  0.0000  0.0000
  0.0000  0.0000  0.0000  0.0000  0.0000

80   2 2
spin component  1
  0.0000  0.0000  0.0000  0.0000  0.0000
  0.0000  0.0000  0.0000  0.0000  0.0000
  0.0000  0.0000  0.0000  0.0000  0.0000
  0.0000  0.0000  0.0000  0.0000  0.0000
  0.0000  0.0000  0.0000  0.0000  0.0000
spin component  2
  0.0000  0.0000  0.0000  0.0000  0.0000
  0.0000  0.0000  0.0000  0.0000  0.0000
  0.0000  0.0000  0.0000  0.0000  0.0000
  0.0000  0.0000  0.0000  0.0000  0.0000
  0.0000  0.0000  0.0000  0.0000  0.0000

81   2 2
spin component  1
  0.0000  0.0000  0.0000  0.0000  0.0000
  0.0000  0.0000  0.0000  0.0000  0.0000
  0.0000  0.0000  0.0000  0.0000  0.0000
  0.0000  0.0000  0.0000  0.0000  0.0000
  0.0000  0.0000  0.0000  0.0000  0.0000
spin component  2
  0.0000  0.0000  0.0000  0.0000  0.0000
  0.0000  0.0000  0.0000  0.0000  0.0000
  0.0000  0.0000  0.0000  0.0000  0.0000
  0.0000  0.0000  0.0000  0.0000  0.0000
  0.0000  0.0000  0.0000  0.0000  0.0000

82   2 2
spin component  1
  0.0000  0.0000  0.0000  0.0000  0.0000
  0.0000  0.0000  0.0000  0.0000  0.0000
  0.0000  0.0000  0.0000  0.0000  0.0000
  0.0000  0.0000  0.0000  0.0000  0.0000
  0.0000  0.0000  0.0000  0.0000  0.0000
spin component  2
  0.0000  0.0000  0.0000  0.0000  0.0000
  0.0000  0.0000  0.0000  0.0000  0.0000
  0.0000  0.0000  0.0000  0.0000  0.0000
  0.0000  0.0000  0.0000  0.0000  0.0000
  0.0000  0.0000  0.0000  0.0000  0.0000

83   2 2
spin component  1
  0.0000  0.0000  0.0000  0.0000  0.0000
  0.0000  0.0000  0.0000  0.0000  0.0000
  0.0000  0.0000  0.0000  0.0000  0.0000
  0.0000  0.0000  0.0000  0.0000  0.0000
  0.0000  0.0000  0.0000  0.0000  0.0000
spin component  2
  0.0000  0.0000  0.0000  0.0000  0.0000
  0.0000  0.0000  0.0000  0.0000  0.0000
  0.0000  0.0000  0.0000  0.0000  0.0000
  0.0000  0.0000  0.0000  0.0000  0.0000
  0.0000  0.0000  0.0000  0.0000  0.0000

84   2 2
spin component  1
  0.0000  0.0000  0.0000  0.0000  0.0000
  0.0000  0.0000  0.0000  0.0000  0.0000
  0.0000  0.0000  0.0000  0.0000  0.0000
  0.0000  0.0000  0.0000  0.0000  0.0000
  0.0000  0.0000  0.0000  0.0000  0.0000
spin component  2
  0.0000  0.0000  0.0000  0.0000  0.0000
  0.0000  0.0000  0.0000  0.0000  0.0000
  0.0000  0.0000  0.0000  0.0000  0.0000
  0.0000  0.0000  0.0000  0.0000  0.0000
  0.0000  0.0000  0.0000  0.0000  0.0000

85   2 2
spin component  1
  0.0000  0.0000  0.0000  0.0000  0.0000
  0.0000  0.0000  0.0000  0.0000  0.0000
  0.0000  0.0000  0.0000  0.0000  0.0000
  0.0000  0.0000  0.0000  0.0000  0.0000
  0.0000  0.0000  0.0000  0.0000  0.0000
spin component  2
  0.0000  0.0000  0.0000  0.0000  0.0000
  0.0000  0.0000  0.0000  0.0000  0.0000
  0.0000  0.0000  0.0000  0.0000  0.0000
  0.0000  0.0000  0.0000  0.0000  0.0000
  0.0000  0.0000  0.0000  0.0000  0.0000

86   2 2
spin component  1
  0.0000  0.0000  0.0000  0.0000  0.0000
  0.0000  0.0000  0.0000  0.0000  0.0000
  0.0000  0.0000  0.0000  0.0000  0.0000
  0.0000  0.0000  0.0000  0.0000  0.0000
  0.0000  0.0000  0.0000  0.0000  0.0000
spin component  2
  0.0000  0.0000  0.0000  0.0000  0.0000
  0.0000  0.0000  0.0000  0.0000  0.0000
  0.0000  0.0000  0.0000  0.0000  0.0000
  0.0000  0.0000  0.0000  0.0000  0.0000
  0.0000  0.0000  0.0000  0.0000  0.0000

87   2 2
spin component  1
  0.0000  0.0000  0.0000  0.0000  0.0000
  0.0000  0.0000  0.0000  0.0000  0.0000
  0.0000  0.0000  0.0000  0.0000  0.0000
  0.0000  0.0000  0.0000  0.0000  0.0000
  0.0000  0.0000  0.0000  0.0000  0.0000
spin component  2
  0.0000  0.0000  0.0000  0.0000  0.0000
  0.0000  0.0000  0.0000  0.0000  0.0000
  0.0000  0.0000  0.0000  0.0000  0.0000
  0.0000  0.0000  0.0000  0.0000  0.0000
  0.0000  0.0000  0.0000  0.0000  0.0000

88   2 2
spin component  1
  0.0000  0.0000  0.0000  0.0000  0.0000
  0.0000  0.0000  0.0000  0.0000  0.0000
  0.0000  0.0000  0.0000  0.0000  0.0000
  0.0000  0.0000  0.0000  0.0000  0.0000
  0.0000  0.0000  0.0000  0.0000  0.0000
spin component  2
  0.0000  0.0000  0.0000  0.0000  0.0000
  0.0000  0.0000  0.0000  0.0000  0.0000
  0.0000  0.0000  0.0000  0.0000  0.0000
  0.0000  0.0000  0.0000  0.0000  0.0000
  0.0000  0.0000  0.0000  0.0000  0.0000

89   2 2
spin component  1
  0.0000  0.0000  0.0000  0.0000  0.0000
  0.0000  0.0000  0.0000  0.0000  0.0000
  0.0000  0.0000  0.0000  0.0000  0.0000
  0.0000  0.0000  0.0000  0.0000  0.0000
  0.0000  0.0000  0.0000  0.0000  0.0000
spin component  2
  0.0000  0.0000  0.0000  0.0000  0.0000
  0.0000  0.0000  0.0000  0.0000  0.0000
  0.0000  0.0000  0.0000  0.0000  0.0000
  0.0000  0.0000  0.0000  0.0000  0.0000
  0.0000  0.0000  0.0000  0.0000  0.0000

90   2 2
spin component  1
  0.0000  0.0000  0.0000  0.0000  0.0000
  0.0000  0.0000  0.0000  0.0000  0.0000
  0.0000  0.0000  0.0000  0.0000  0.0000
  0.0000  0.0000  0.0000  0.0000  0.0000
  0.0000  0.0000  0.0000  0.0000  0.0000
spin component  2
  0.0000  0.0000  0.0000  0.0000  0.0000
  0.0000  0.0000  0.0000  0.0000  0.0000
  0.0000  0.0000  0.0000  0.0000  0.0000
  0.0000  0.0000  0.0000  0.0000  0.0000
  0.0000  0.0000  0.0000  0.0000  0.0000

91   2 2
spin component  1
  0.0000  0.0000  0.0000  0.0000  0.0000
  0.0000  0.0000  0.0000  0.0000  0.0000
  0.0000  0.0000  0.0000  0.0000  0.0000
  0.0000  0.0000  0.0000  0.0000  0.0000
  0.0000  0.0000  0.0000  0.0000  0.0000
spin component  2
  0.0000  0.0000  0.0000  0.0000  0.0000
  0.0000  0.0000  0.0000  0.0000  0.0000
  0.0000  0.0000  0.0000  0.0000  0.0000
  0.0000  0.0000  0.0000  0.0000  0.0000
  0.0000  0.0000  0.0000  0.0000  0.0000

92   2 2
spin component  1
  0.0000  0.0000  0.0000  0.0000  0.0000
  0.0000  0.0000  0.0000  0.0000  0.0000
  0.0000  0.0000  0.0000  0.0000  0.0000
  0.0000  0.0000  0.0000  0.0000  0.0000
  0.0000  0.0000  0.0000  0.0000  0.0000
spin component  2
  0.0000  0.0000  0.0000  0.0000  0.0000
  0.0000  0.0000  0.0000  0.0000  0.0000
  0.0000  0.0000  0.0000  0.0000  0.0000
  0.0000  0.0000  0.0000  0.0000  0.0000
  0.0000  0.0000  0.0000  0.0000  0.0000

93   2 2
spin component  1
  0.0000  0.0000  0.0000  0.0000  0.0000
  0.0000  0.0000  0.0000  0.0000  0.0000
  0.0000  0.0000  0.0000  0.0000  0.0000
  0.0000  0.0000  0.0000  0.0000  0.0000
  0.0000  0.0000  0.0000  0.0000  0.0000
spin component  2
  0.0000  0.0000  0.0000  0.0000  0.0000
  0.0000  0.0000  0.0000  0.0000  0.0000
  0.0000  0.0000  0.0000  0.0000  0.0000
  0.0000  0.0000  0.0000  0.0000  0.0000
  0.0000  0.0000  0.0000  0.0000  0.0000

94   2 2
spin component  1
  0.0000  0.0000  0.0000  0.0000  0.0000
  0.0000  0.0000  0.0000  0.0000  0.0000
  0.0000  0.0000  0.0000  0.0000  0.0000
  0.0000  0.0000  0.0000  0.0000  0.0000
  0.0000  0.0000  0.0000  0.0000  0.0000
spin component  2
  0.0000  0.0000  0.0000  0.0000  0.0000
  0.0000  0.0000  0.0000  0.0000  0.0000
  0.0000  0.0000  0.0000  0.0000  0.0000
  0.0000  0.0000  0.0000  0.0000  0.0000
  0.0000  0.0000  0.0000  0.0000  0.0000

95   2 2
spin component  1
  0.0000  0.0000  0.0000  0.0000  0.0000
  0.0000  0.0000  0.0000  0.0000  0.0000
  0.0000  0.0000  0.0000  0.0000  0.0000
  0.0000  0.0000  0.0000  0.0000  0.0000
  0.0000  0.0000  0.0000  0.0000  0.0000
spin component  2
  0.0000  0.0000  0.0000  0.0000  0.0000
  0.0000  0.0000  0.0000  0.0000  0.0000
  0.0000  0.0000  0.0000  0.0000  0.0000
  0.0000  0.0000  0.0000  0.0000  0.0000
  0.0000  0.0000  0.0000  0.0000  0.0000

96   2 2
spin component  1
  0.0000  0.0000  0.0000  0.0000  0.0000
  0.0000  0.0000  0.0000  0.0000  0.0000
  0.0000  0.0000  0.0000  0.0000  0.0000
  0.0000  0.0000  0.0000  0.0000  0.0000
  0.0000  0.0000  0.0000  0.0000  0.0000
spin component  2
  0.0000  0.0000  0.0000  0.0000  0.0000
  0.0000  0.0000  0.0000  0.0000  0.0000
  0.0000  0.0000  0.0000  0.0000  0.0000
  0.0000  0.0000  0.0000  0.0000  0.0000
  0.0000  0.0000  0.0000  0.0000  0.0000

97   2 2
spin component  1
  0.0000  0.0000  0.0000  0.0000  0.0000
  0.0000  0.0000  0.0000  0.0000  0.0000
  0.0000  0.0000  0.0000  0.0000  0.0000
  0.0000  0.0000  0.0000  0.0000  0.0000
  0.0000  0.0000  0.0000  0.0000  0.0000
spin component  2
  0.0000  0.0000  0.0000  0.0000  0.0000
  0.0000  0.0000  0.0000  0.0000  0.0000
  0.0000  0.0000  0.0000  0.0000  0.0000
  0.0000  0.0000  0.0000  0.0000  0.0000
  0.0000  0.0000  0.0000  0.0000  0.0000

98   2 2
spin component  1
  0.0000  0.0000  0.0000  0.0000  0.0000
  0.0000  0.0000  0.0000  0.0000  0.0000
  0.0000  0.0000  0.0000  0.0000  0.0000
  0.0000  0.0000  0.0000  0.0000  0.0000
  0.0000  0.0000  0.0000  0.0000  0.0000
spin component  2
  0.0000  0.0000  0.0000  0.0000  0.0000
  0.0000  0.0000  0.0000  0.0000  0.0000
  0.0000  0.0000  0.0000  0.0000  0.0000
  0.0000  0.0000  0.0000  0.0000  0.0000
  0.0000  0.0000  0.0000  0.0000  0.0000

99   2 2
spin component  1
  0.0000  0.0000  0.0000  0.0000  0.0000
  0.0000  0.0000  0.0000  0.0000  0.0000
  0.0000  0.0000  0.0000  0.0000  0.0000
  0.0000  0.0000  0.0000  0.0000  0.0000
  0.0000  0.0000  0.0000  0.0000  0.0000
spin component  2
  0.0000  0.0000  0.0000  0.0000  0.0000
  0.0000  0.0000  0.0000  0.0000  0.0000
  0.0000  0.0000  0.0000  0.0000  0.0000
  0.0000  0.0000  0.0000  0.0000  0.0000
  0.0000  0.0000  0.0000  0.0000  0.0000

100   2 2
spin component  1
  0.0000  0.0000  0.0000  0.0000  0.0000
  0.0000  0.0000  0.0000  0.0000  0.0000
  0.0000  0.0000  0.0000  0.0000  0.0000
  0.0000  0.0000  0.0000  0.0000  0.0000
  0.0000  0.0000  0.0000  0.0000  0.0000
spin component  2
  0.0000  0.0000  0.0000  0.0000  0.0000
  0.0000  0.0000  0.0000  0.0000  0.0000
  0.0000  0.0000  0.0000  0.0000  0.0000
  0.0000  0.0000  0.0000  0.0000  0.0000
  0.0000  0.0000  0.0000  0.0000  0.0000

101   2 2
spin component  1
  0.0000  0.0000  0.0000  0.0000  0.0000
  0.0000  0.0000  0.0000  0.0000  0.0000
  0.0000  0.0000  0.0000  0.0000  0.0000
  0.0000  0.0000  0.0000  0.0000  0.0000
  0.0000  0.0000  0.0000  0.0000  0.0000
spin component  2
  0.0000  0.0000  0.0000  0.0000  0.0000
  0.0000  0.0000  0.0000  0.0000  0.0000
  0.0000  0.0000  0.0000  0.0000  0.0000
  0.0000  0.0000  0.0000  0.0000  0.0000
  0.0000  0.0000  0.0000  0.0000  0.0000

102   2 2
spin component  1
  0.0000  0.0000  0.0000  0.0000  0.0000
  0.0000  0.0000  0.0000  0.0000  0.0000
  0.0000  0.0000  0.0000  0.0000  0.0000
  0.0000  0.0000  0.0000  0.0000  0.0000
  0.0000  0.0000  0.0000  0.0000  0.0000
spin component  2
  0.0000  0.0000  0.0000  0.0000  0.0000
  0.0000  0.0000  0.0000  0.0000  0.0000
  0.0000  0.0000  0.0000  0.0000  0.0000
  0.0000  0.0000  0.0000  0.0000  0.0000
  0.0000  0.0000  0.0000  0.0000  0.0000

103   2 2
spin component  1
  0.0000  0.0000  0.0000  0.0000  0.0000
  0.0000  0.0000  0.0000  0.0000  0.0000
  0.0000  0.0000  0.0000  0.0000  0.0000
  0.0000  0.0000  0.0000  0.0000  0.0000
  0.0000  0.0000  0.0000  0.0000  0.0000
spin component  2
  0.0000  0.0000  0.0000  0.0000  0.0000
  0.0000  0.0000  0.0000  0.0000  0.0000
  0.0000  0.0000  0.0000  0.0000  0.0000
  0.0000  0.0000  0.0000  0.0000  0.0000
  0.0000  0.0000  0.0000  0.0000  0.0000

104   2 2
spin component  1
  0.0000  0.0000  0.0000  0.0000  0.0000
  0.0000  0.0000  0.0000  0.0000  0.0000
  0.0000  0.0000  0.0000  0.0000  0.0000
  0.0000  0.0000  0.0000  0.0000  0.0000
  0.0000  0.0000  0.0000  0.0000  0.0000
spin component  2
  0.0000  0.0000  0.0000  0.0000  0.0000
  0.0000  0.0000  0.0000  0.0000  0.0000
  0.0000  0.0000  0.0000  0.0000  0.0000
  0.0000  0.0000  0.0000  0.0000  0.0000
  0.0000  0.0000  0.0000  0.0000  0.0000

105   2 2
spin component  1
  0.0000  0.0000  0.0000  0.0000  0.0000
  0.0000  0.0000  0.0000  0.0000  0.0000
  0.0000  0.0000  0.0000  0.0000  0.0000
  0.0000  0.0000  0.0000  0.0000  0.0000
  0.0000  0.0000  0.0000  0.0000  0.0000
spin component  2
  0.0000  0.0000  0.0000  0.0000  0.0000
  0.0000  0.0000  0.0000  0.0000  0.0000
  0.0000  0.0000  0.0000  0.0000  0.0000
  0.0000  0.0000  0.0000  0.0000  0.0000
  0.0000  0.0000  0.0000  0.0000  0.0000

106   2 2
spin component  1
  0.0000  0.0000  0.0000  0.0000  0.0000
  0.0000  0.0000  0.0000  0.0000  0.0000
  0.0000  0.0000  0.0000  0.0000  0.0000
  0.0000  0.0000  0.0000  0.0000  0.0000
  0.0000  0.0000  0.0000  0.0000  0.0000
spin component  2
  0.0000  0.0000  0.0000  0.0000  0.0000
  0.0000  0.0000  0.0000  0.0000  0.0000
  0.0000  0.0000  0.0000  0.0000  0.0000
  0.0000  0.0000  0.0000  0.0000  0.0000
  0.0000  0.0000  0.0000  0.0000  0.0000

107   2 2
spin component  1
  0.0000  0.0000  0.0000  0.0000  0.0000
  0.0000  0.0000  0.0000  0.0000  0.0000
  0.0000  0.0000  0.0000  0.0000  0.0000
  0.0000  0.0000  0.0000  0.0000  0.0000
  0.0000  0.0000  0.0000  0.0000  0.0000
spin component  2
  0.0000  0.0000  0.0000  0.0000  0.0000
  0.0000  0.0000  0.0000  0.0000  0.0000
  0.0000  0.0000  0.0000  0.0000  0.0000
  0.0000  0.0000  0.0000  0.0000  0.0000
  0.0000  0.0000  0.0000  0.0000  0.0000

108   2 2
spin component  1
  0.0000  0.0000  0.0000  0.0000  0.0000
  0.0000  0.0000  0.0000  0.0000  0.0000
  0.0000  0.0000  0.0000  0.0000  0.0000
  0.0000  0.0000  0.0000  0.0000  0.0000
  0.0000  0.0000  0.0000  0.0000  0.0000
spin component  2
  0.0000  0.0000  0.0000  0.0000  0.0000
  0.0000  0.0000  0.0000  0.0000  0.0000
  0.0000  0.0000  0.0000  0.0000  0.0000
  0.0000  0.0000  0.0000  0.0000  0.0000
  0.0000  0.0000  0.0000  0.0000  0.0000
