
1   2 2
spin component  1
  0.1388 -0.0001  0.0000 -0.0006 -0.0001
 -0.0001  0.1381  0.0000 -0.0007 -0.0003
  0.0000  0.0000  0.2030 -0.0001 -0.0005
 -0.0006 -0.0007 -0.0001  0.1392 -0.0002
 -0.0001 -0.0003 -0.0005 -0.0002  0.2090
spin component  2
  0.1396  0.0004  0.0001  0.0002  0.0000
  0.0004  0.1399 -0.0000  0.0004 -0.0003
  0.0001 -0.0000  0.2026  0.0000 -0.0007
  0.0002  0.0004  0.0000  0.1402  0.0002
  0.0000 -0.0003 -0.0007  0.0002  0.2090

2   2 2
spin component  1
  0.1390 -0.0003 -0.0001 -0.0004 -0.0002
 -0.0003  0.1394 -0.0001 -0.0000 -0.0001
 -0.0001 -0.0001  0.2030 -0.0001 -0.0000
 -0.0004 -0.0000 -0.0001  0.1387  0.0001
 -0.0002 -0.0001 -0.0000  0.0001  0.2086
spin component  2
  0.1393 -0.0004 -0.0002 -0.0006 -0.0000
 -0.0004  0.1399 -0.0003  0.0002 -0.0001
 -0.0002 -0.0003  0.2029 -0.0002 -0.0000
 -0.0006  0.0002 -0.0002  0.1399  0.0000
 -0.0000 -0.0001 -0.0000  0.0000  0.2083

3   2 2
spin component  1
  0.1389  0.0004  0.0001 -0.0008 -0.0002
  0.0004  0.1398 -0.0000 -0.0003 -0.0001
  0.0001 -0.0000  0.2029  0.0000  0.0001
 -0.0008 -0.0003  0.0000  0.1398 -0.0001
 -0.0002 -0.0001  0.0001 -0.0001  0.2084
spin component  2
  0.1397  0.0003  0.0003  0.0002  0.0004
  0.0003  0.1395 -0.0003  0.0003 -0.0000
  0.0003 -0.0003  0.2029  0.0002 -0.0001
  0.0002  0.0003  0.0002  0.1389 -0.0001
  0.0004 -0.0000 -0.0001 -0.0001  0.2083

4   2 2
spin component  1
  0.1393  0.0001 -0.0000 -0.0002 -0.0001
  0.0001  0.1399  0.0002 -0.0002 -0.0000
 -0.0000  0.0002  0.2029 -0.0001  0.0002
 -0.0002 -0.0002 -0.0001  0.1393 -0.0000
 -0.0001 -0.0000  0.0002 -0.0000  0.2097
spin component  2
  0.1402 -0.0002  0.0001 -0.0000  0.0001
 -0.0002  0.1395 -0.0001  0.0003  0.0000
  0.0001 -0.0001  0.2027  0.0000  0.0001
 -0.0000  0.0003  0.0000  0.1397 -0.0000
  0.0001  0.0000  0.0001 -0.0000  0.2095

5   2 2
spin component  1
  0.1389  0.0003 -0.0001  0.0004  0.0000
  0.0003  0.1401 -0.0001 -0.0001  0.0000
 -0.0001 -0.0001  0.2026  0.0000  0.0006
  0.0004 -0.0001  0.0000  0.1391  0.0002
  0.0000  0.0000  0.0006  0.0002  0.2092
spin component  2
  0.1400 -0.0005  0.0001 -0.0002 -0.0000
 -0.0005  0.1402  0.0001  0.0001 -0.0001
  0.0001  0.0001  0.2024  0.0002  0.0006
 -0.0002  0.0001  0.0002  0.1396  0.0000
 -0.0000 -0.0001  0.0006  0.0000  0.2091

6   2 2
spin component  1
  0.1401  0.0002 -0.0001 -0.0002  0.0000
  0.0002  0.1404 -0.0000 -0.0001  0.0001
 -0.0001 -0.0000  0.2027 -0.0001  0.0006
 -0.0002 -0.0001 -0.0001  0.1389 -0.0001
  0.0000  0.0001  0.0006 -0.0001  0.2093
spin component  2
  0.1388  0.0001  0.0001  0.0003  0.0000
  0.0001  0.1397 -0.0000  0.0001  0.0000
  0.0001 -0.0000  0.2023 -0.0002  0.0005
  0.0003  0.0001 -0.0002  0.1397 -0.0001
  0.0000  0.0000  0.0005 -0.0001  0.2090

7   2 2
spin component  1
  0.1390  0.0001 -0.0001  0.0000  0.0000
  0.0001  0.1392 -0.0001  0.0000  0.0004
 -0.0001 -0.0001  0.2031 -0.0000 -0.0005
  0.0000  0.0000 -0.0000  0.1396  0.0002
  0.0000  0.0004 -0.0005  0.0002  0.2092
spin component  2
  0.1400 -0.0002  0.0001  0.0004 -0.0001
 -0.0002  0.1391  0.0001 -0.0001  0.0002
  0.0001  0.0001  0.2030  0.0000 -0.0006
  0.0004 -0.0001  0.0000  0.1404 -0.0002
 -0.0001  0.0002 -0.0006 -0.0002  0.2091

8   2 2
spin component  1
  0.1398  0.0002  0.0001  0.0006  0.0002
  0.0002  0.1398  0.0002  0.0003  0.0002
  0.0001  0.0002  0.2030 -0.0002  0.0001
  0.0006  0.0003 -0.0002  0.1394 -0.0000
  0.0002  0.0002  0.0001 -0.0000  0.2084
spin component  2
  0.1388 -0.0007  0.0001  0.0001  0.0000
 -0.0007  0.1397  0.0002 -0.0004  0.0000
  0.0001  0.0002  0.2029 -0.0001 -0.0000
  0.0001 -0.0004 -0.0001  0.1396  0.0001
  0.0000  0.0000 -0.0000  0.0001  0.2084

9   2 2
spin component  1
  0.1394  0.0003 -0.0002  0.0006  0.0001
  0.0003  0.1394  0.0001  0.0000 -0.0000
 -0.0002  0.0001  0.2029  0.0001  0.0000
  0.0006  0.0000  0.0001  0.1394 -0.0001
  0.0001 -0.0000  0.0000 -0.0001  0.2085
spin component  2
  0.1390  0.0001 -0.0001  0.0001 -0.0002
  0.0001  0.1396  0.0003  0.0000  0.0001
 -0.0001  0.0003  0.2029  0.0003 -0.0001
  0.0001  0.0000  0.0003  0.1396 -0.0001
 -0.0002  0.0001 -0.0001 -0.0001  0.2084

10   2 2
spin component  1
  0.1392 -0.0001 -0.0000 -0.0008 -0.0003
 -0.0001  0.1390  0.0001 -0.0001  0.0001
 -0.0000  0.0001  0.2026  0.0000 -0.0000
 -0.0008 -0.0001  0.0000  0.1393 -0.0000
 -0.0003  0.0001 -0.0000 -0.0000  0.2093
spin component  2
  0.1403 -0.0007 -0.0001  0.0001 -0.0004
 -0.0007  0.1403  0.0001  0.0003  0.0003
 -0.0001  0.0001  0.2024 -0.0000  0.0002
  0.0001  0.0003 -0.0000  0.1400  0.0000
 -0.0004  0.0003  0.0002  0.0000  0.2090

11   2 2
spin component  1
  0.1414 -0.0006  0.0000 -0.0016 -0.0001
 -0.0006  0.1409  0.0019  0.0004  0.0024
  0.0000  0.0019  0.2017 -0.0001  0.0033
 -0.0016  0.0004 -0.0001  0.1392 -0.0000
 -0.0001  0.0024  0.0033 -0.0000  0.2103
spin component  2
  0.1395  0.0003 -0.0000 -0.0002  0.0001
  0.0003  0.1424  0.0023 -0.0001  0.0030
 -0.0000  0.0023  0.2014  0.0001  0.0034
 -0.0002 -0.0001  0.0001  0.1403 -0.0000
  0.0001  0.0030  0.0034 -0.0000  0.2102

12   2 2
spin component  1
  0.1400  0.0002  0.0002 -0.0002  0.0003
  0.0002  0.1392  0.0000 -0.0003  0.0001
  0.0002  0.0000  0.2026 -0.0000  0.0001
 -0.0002 -0.0003 -0.0000  0.1396 -0.0001
  0.0003  0.0001  0.0001 -0.0001  0.2093
spin component  2
  0.1390  0.0004 -0.0000 -0.0003  0.0004
  0.0004  0.1399  0.0002  0.0002  0.0002
 -0.0000  0.0002  0.2024  0.0000  0.0000
 -0.0003  0.0002  0.0000  0.1401  0.0001
  0.0004  0.0002  0.0000  0.0001  0.2090

13   2 2
spin component  1
  0.1400 -0.0005  0.0001  0.0003  0.0002
 -0.0005  0.1397  0.0001 -0.0001 -0.0003
  0.0001  0.0001  0.2025  0.0000  0.0000
  0.0003 -0.0001  0.0000  0.1396 -0.0001
  0.0002 -0.0003  0.0000 -0.0001  0.2092
spin component  2
  0.1390 -0.0001  0.0001  0.0002  0.0003
 -0.0001  0.1396 -0.0004 -0.0000 -0.0002
  0.0001 -0.0004  0.2025 -0.0000  0.0002
  0.0002 -0.0000 -0.0000  0.1399  0.0001
  0.0003 -0.0002  0.0002  0.0001  0.2091

14   2 2
spin component  1
  0.1410  0.0005 -0.0000  0.0014 -0.0000
  0.0005  0.1414 -0.0019  0.0001 -0.0026
 -0.0000 -0.0019  0.2016 -0.0003  0.0032
  0.0014  0.0001 -0.0003  0.1398  0.0001
 -0.0000 -0.0026  0.0032  0.0001  0.2103
spin component  2
  0.1392 -0.0003  0.0000  0.0005  0.0000
 -0.0003  0.1419 -0.0022 -0.0002 -0.0028
  0.0000 -0.0022  0.2013  0.0003  0.0034
  0.0005 -0.0002  0.0003  0.1395 -0.0000
  0.0000 -0.0028  0.0034 -0.0000  0.2102

15   2 2
spin component  1
  0.1400 -0.0002 -0.0000  0.0007 -0.0003
 -0.0002  0.1396 -0.0002  0.0001 -0.0002
 -0.0000 -0.0002  0.2026 -0.0002  0.0001
  0.0007  0.0001 -0.0002  0.1391 -0.0001
 -0.0003 -0.0002  0.0001 -0.0001  0.2092
spin component  2
  0.1394  0.0007 -0.0001 -0.0001 -0.0003
  0.0007  0.1395 -0.0001 -0.0002 -0.0002
 -0.0001 -0.0001  0.2025  0.0001  0.0001
 -0.0001 -0.0002  0.0001  0.1399 -0.0000
 -0.0003 -0.0002  0.0001 -0.0000  0.2091

16   2 2
spin component  1
  0.1400 -0.0005  0.0002  0.0004  0.0002
 -0.0005  0.1376 -0.0000 -0.0002 -0.0002
  0.0002 -0.0000  0.2013  0.0036 -0.0075
  0.0004 -0.0002  0.0036  0.1453 -0.0055
  0.0002 -0.0002 -0.0075 -0.0055  0.2172
spin component  2
  0.1412 -0.0016 -0.0001 -0.0002 -0.0001
 -0.0016  0.1384 -0.0000  0.0003  0.0002
 -0.0001 -0.0000  0.1983  0.0026 -0.0033
 -0.0002  0.0003  0.0026  0.1448 -0.0034
 -0.0001  0.0002 -0.0033 -0.0034  0.2099

17   2 2
spin component  1
  0.0000  0.0000  0.0000  0.0000  0.0000
  0.0000  0.0000  0.0000  0.0000  0.0000
  0.0000  0.0000  0.0000  0.0000  0.0000
  0.0000  0.0000  0.0000  1.0000  0.0000
  0.0000  0.0000  0.0000  0.0000  0.0000
spin component  2
  0.0000  0.0000  0.0000  0.0000  0.0000
  0.0000  0.0000  0.0000  0.0000  0.0000
  0.0000  0.0000  0.0000  0.0000  0.0000
  0.0000  0.0000  0.0000  0.0000  0.0000
  0.0000  0.0000  0.0000  0.0000  0.0000

18   2 2
spin component  1
  0.1404  0.0014  0.0000 -0.0003 -0.0001
  0.0014  0.1379 -0.0002 -0.0002  0.0001
  0.0000 -0.0002  0.2012 -0.0034 -0.0075
 -0.0003 -0.0002 -0.0034  0.1456  0.0057
 -0.0001  0.0001 -0.0075  0.0057  0.2172
spin component  2
  0.1403  0.0007  0.0001  0.0004  0.0000
  0.0007  0.1383  0.0001  0.0003 -0.0001
  0.0001  0.0001  0.1984 -0.0028 -0.0034
  0.0004  0.0003 -0.0028  0.1448  0.0032
  0.0000 -0.0001 -0.0034  0.0032  0.2100

19   2 2
spin component  1
  0.1396  0.0001  0.0001  0.0001 -0.0001
  0.0001  0.1397 -0.0002 -0.0005 -0.0003
  0.0001 -0.0002  0.2022 -0.0001  0.0002
  0.0001 -0.0005 -0.0001  0.1396 -0.0001
 -0.0001 -0.0003  0.0002 -0.0001  0.2088
spin component  2
  0.1393 -0.0001 -0.0001  0.0000 -0.0001
 -0.0001  0.1402 -0.0001  0.0004 -0.0005
 -0.0001 -0.0001  0.2021  0.0001  0.0001
  0.0000  0.0004  0.0001  0.1394  0.0001
 -0.0001 -0.0005  0.0001  0.0001  0.2087

20   2 2
spin component  1
  0.1388 -0.0002 -0.0000  0.0003 -0.0004
 -0.0002  0.1396 -0.0002  0.0003 -0.0006
 -0.0000 -0.0002  0.2023 -0.0002  0.0002
  0.0003  0.0003 -0.0002  0.1393  0.0003
 -0.0004 -0.0006  0.0002  0.0003  0.2088
spin component  2
  0.1399  0.0008 -0.0001 -0.0000 -0.0006
  0.0008  0.1402 -0.0002 -0.0004 -0.0005
 -0.0001 -0.0002  0.2022 -0.0001  0.0002
 -0.0000 -0.0004 -0.0001  0.1399  0.0005
 -0.0006 -0.0005  0.0002  0.0005  0.2085

21   2 2
spin component  1
  0.1400 -0.0001  0.0001 -0.0002  0.0006
 -0.0001  0.1400 -0.0001  0.0001 -0.0006
  0.0001 -0.0001  0.2023  0.0002  0.0002
 -0.0002  0.0001  0.0002  0.1398 -0.0003
  0.0006 -0.0006  0.0002 -0.0003  0.2088
spin component  2
  0.1390 -0.0004 -0.0001  0.0005  0.0005
 -0.0004  0.1399 -0.0004 -0.0000 -0.0005
 -0.0001 -0.0004  0.2021  0.0002  0.0003
  0.0005 -0.0000  0.0002  0.1392 -0.0005
  0.0005 -0.0005  0.0003 -0.0005  0.2085

22   2 2
spin component  1
  0.1396 -0.0002 -0.0000 -0.0002  0.0001
 -0.0002  0.1401  0.0002  0.0001  0.0003
 -0.0000  0.0002  0.2022 -0.0002  0.0002
 -0.0002  0.0001 -0.0002  0.1396 -0.0000
  0.0001  0.0003  0.0002 -0.0000  0.2088
spin component  2
  0.1396  0.0002 -0.0000 -0.0001 -0.0001
  0.0002  0.1400  0.0002  0.0001  0.0006
 -0.0000  0.0002  0.2021  0.0002  0.0001
 -0.0001  0.0001  0.0002  0.1393  0.0001
 -0.0001  0.0006  0.0001  0.0001  0.2087

23   2 2
spin component  1
  0.1384  0.0002 -0.0000 -0.0003  0.0006
  0.0002  0.1397  0.0003  0.0002  0.0007
 -0.0000  0.0003  0.2022 -0.0003  0.0002
 -0.0003  0.0002 -0.0003  0.1395  0.0003
  0.0006  0.0007  0.0002  0.0003  0.2086
spin component  2
  0.1402  0.0002  0.0001  0.0001  0.0005
  0.0002  0.1400  0.0002 -0.0002  0.0004
  0.0001  0.0002  0.2022 -0.0001  0.0002
  0.0001 -0.0002 -0.0001  0.1390  0.0004
  0.0005  0.0004  0.0002  0.0004  0.2086

24   2 2
spin component  1
  0.1397 -0.0007 -0.0002 -0.0005 -0.0005
 -0.0007  0.1395  0.0003  0.0002  0.0006
 -0.0002  0.0003  0.2023  0.0001  0.0002
 -0.0005  0.0002  0.0001  0.1398 -0.0004
 -0.0005  0.0006  0.0002 -0.0004  0.2086
spin component  2
  0.1390  0.0002  0.0001  0.0004 -0.0005
  0.0002  0.1402  0.0002 -0.0001  0.0004
  0.0001  0.0002  0.2021  0.0004  0.0002
  0.0004 -0.0001  0.0004  0.1388 -0.0004
 -0.0005  0.0004  0.0002 -0.0004  0.2086

25   2 2
spin component  1
  0.1403  0.0002 -0.0001 -0.0003 -0.0001
  0.0002  0.1379 -0.0000  0.0004  0.0000
 -0.0001 -0.0000  0.2037  0.0000 -0.0034
 -0.0003  0.0004  0.0000  0.1420 -0.0002
 -0.0001  0.0000 -0.0034 -0.0002  0.2128
spin component  2
  0.1405 -0.0001  0.0002  0.0001  0.0001
 -0.0001  0.1383  0.0001 -0.0003 -0.0000
  0.0002  0.0001  0.2033 -0.0000 -0.0032
  0.0001 -0.0003 -0.0000  0.1413  0.0001
  0.0001 -0.0000 -0.0032  0.0001  0.2122

26   2 2
spin component  1
  0.1386  0.0012 -0.0000  0.0003  0.0001
  0.0012  0.1407 -0.0000  0.0003 -0.0000
 -0.0000 -0.0000  0.2052 -0.0015 -0.0011
  0.0003  0.0003 -0.0015  0.1366  0.0002
  0.0001 -0.0000 -0.0011  0.0002  0.2103
spin component  2
  0.1395  0.0008 -0.0000 -0.0003 -0.0001
  0.0008  0.1410 -0.0000 -0.0002  0.0000
 -0.0000 -0.0000  0.2043 -0.0015 -0.0037
 -0.0003 -0.0002 -0.0015  0.1410 -0.0002
 -0.0001  0.0000 -0.0037 -0.0002  0.2078

27   2 2
spin component  1
  0.1392 -0.0005 -0.0000 -0.0005  0.0001
 -0.0005  0.1400 -0.0000 -0.0001 -0.0000
 -0.0000 -0.0000  0.2054  0.0014 -0.0012
 -0.0005 -0.0001  0.0014  0.1366 -0.0004
  0.0001 -0.0000 -0.0012 -0.0004  0.2104
spin component  2
  0.1392 -0.0010  0.0001  0.0005 -0.0001
 -0.0010  0.1416  0.0001 -0.0000  0.0000
  0.0001  0.0001  0.2042  0.0016 -0.0037
  0.0005 -0.0000  0.0016  0.1411  0.0004
 -0.0001  0.0000 -0.0037  0.0004  0.2077

28   2 2
spin component  1
  0.1390 -0.0000 -0.0001  0.0005  0.0003
 -0.0000  0.1395 -0.0001 -0.0001 -0.0004
 -0.0001 -0.0001  0.2025 -0.0001 -0.0003
  0.0005 -0.0001 -0.0001  0.1392  0.0006
  0.0003 -0.0004 -0.0003  0.0006  0.2085
spin component  2
  0.1395  0.0003 -0.0001  0.0002  0.0005
  0.0003  0.1392 -0.0003  0.0003 -0.0002
 -0.0001 -0.0003  0.2023  0.0000 -0.0003
  0.0002  0.0003  0.0000  0.1403  0.0005
  0.0005 -0.0002 -0.0003  0.0005  0.2086

29   2 2
spin component  1
  0.1442  0.0000  0.0000  0.0021  0.0000
  0.0000  0.1388 -0.0013 -0.0001 -0.0004
  0.0000 -0.0013  0.2037  0.0001  0.0031
  0.0021 -0.0001  0.0001  0.1374 -0.0002
  0.0000 -0.0004  0.0031 -0.0002  0.2097
spin component  2
  0.1380 -0.0000 -0.0000  0.0014 -0.0000
 -0.0000  0.1400 -0.0009  0.0001 -0.0008
 -0.0000 -0.0009  0.2037 -0.0001  0.0031
  0.0014  0.0001 -0.0001  0.1416  0.0002
 -0.0000 -0.0008  0.0031  0.0002  0.2095

30   2 2
spin component  1
  0.1391  0.0000 -0.0001  0.0004 -0.0004
  0.0000  0.1395 -0.0003  0.0001 -0.0002
 -0.0001 -0.0003  0.2026  0.0001 -0.0002
  0.0004  0.0001  0.0001  0.1398 -0.0004
 -0.0004 -0.0002 -0.0002 -0.0004  0.2087
spin component  2
  0.1396 -0.0001  0.0003  0.0002 -0.0005
 -0.0001  0.1389 -0.0002 -0.0001 -0.0003
  0.0003 -0.0002  0.2022 -0.0000 -0.0003
  0.0002 -0.0001 -0.0000  0.1403 -0.0007
 -0.0005 -0.0003 -0.0003 -0.0007  0.2086

31   2 2
spin component  1
  0.1396  0.0007 -0.0000  0.0000 -0.0000
  0.0007  0.1394 -0.0000 -0.0001  0.0000
 -0.0000 -0.0000  0.2024 -0.0003  0.0001
  0.0000 -0.0001 -0.0003  0.1395  0.0005
 -0.0000  0.0000  0.0001  0.0005  0.2090
spin component  2
  0.1397 -0.0004 -0.0000 -0.0000  0.0001
 -0.0004  0.1403  0.0000  0.0001  0.0000
 -0.0000  0.0000  0.2023 -0.0002  0.0001
 -0.0000  0.0001 -0.0002  0.1399  0.0002
  0.0001  0.0000  0.0001  0.0002  0.2089

32   2 2
spin component  1
  0.1397 -0.0004 -0.0001 -0.0004  0.0000
 -0.0004  0.1406 -0.0000 -0.0000  0.0001
 -0.0001 -0.0000  0.2029  0.0000  0.0023
 -0.0004 -0.0000  0.0000  0.1384  0.0002
  0.0000  0.0001  0.0023  0.0002  0.2112
spin component  2
  0.1407  0.0003  0.0001  0.0002 -0.0000
  0.0003  0.1410  0.0000 -0.0001 -0.0001
  0.0001  0.0000  0.2028 -0.0001  0.0024
  0.0002 -0.0001 -0.0001  0.1394 -0.0002
 -0.0000 -0.0001  0.0024 -0.0002  0.2108

33   2 2
spin component  1
  0.1399 -0.0000  0.0001 -0.0001 -0.0001
 -0.0000  0.1393 -0.0001 -0.0000  0.0000
  0.0001 -0.0001  0.2023  0.0002  0.0001
 -0.0001 -0.0000  0.0002  0.1393 -0.0004
 -0.0001  0.0000  0.0001 -0.0004  0.2089
spin component  2
  0.1392 -0.0002 -0.0000  0.0001  0.0000
 -0.0002  0.1400  0.0001 -0.0000 -0.0001
 -0.0000  0.0001  0.2023  0.0002  0.0001
  0.0001 -0.0000  0.0002  0.1399 -0.0004
  0.0000 -0.0001  0.0001 -0.0004  0.2090

34   2 2
spin component  1
  0.1392  0.0000  0.0001 -0.0002 -0.0006
  0.0000  0.1392  0.0001  0.0003  0.0002
  0.0001  0.0001  0.2025  0.0000 -0.0003
 -0.0002  0.0003  0.0000  0.1396  0.0005
 -0.0006  0.0002 -0.0003  0.0005  0.2087
spin component  2
  0.1399  0.0001  0.0001 -0.0004 -0.0003
  0.0001  0.1396  0.0003 -0.0003  0.0003
  0.0001  0.0003  0.2023 -0.0001 -0.0003
 -0.0004 -0.0003 -0.0001  0.1403  0.0006
 -0.0003  0.0003 -0.0003  0.0006  0.2085

35   2 2
spin component  1
  0.1433 -0.0001  0.0002 -0.0023 -0.0001
 -0.0001  0.1387  0.0011 -0.0003  0.0005
  0.0002  0.0011  0.2036  0.0000  0.0030
 -0.0023 -0.0003  0.0000  0.1380 -0.0000
 -0.0001  0.0005  0.0030 -0.0000  0.2096
spin component  2
  0.1386  0.0002 -0.0002 -0.0012  0.0001
  0.0002  0.1399  0.0010  0.0002  0.0006
 -0.0002  0.0010  0.2037  0.0000  0.0032
 -0.0012  0.0002  0.0000  0.1409  0.0001
  0.0001  0.0006  0.0032  0.0001  0.2094

36   2 2
spin component  1
  0.1390 -0.0004 -0.0003  0.0001  0.0003
 -0.0004  0.1394  0.0002 -0.0003  0.0002
 -0.0003  0.0002  0.2024  0.0000 -0.0002
  0.0001 -0.0003  0.0000  0.1401 -0.0007
  0.0003  0.0002 -0.0002 -0.0007  0.2087
spin component  2
  0.1396 -0.0000  0.0000 -0.0008  0.0004
 -0.0000  0.1395  0.0003  0.0002  0.0004
  0.0000  0.0003  0.2023 -0.0000 -0.0003
 -0.0008  0.0002 -0.0000  0.1402 -0.0004
  0.0004  0.0004 -0.0003 -0.0004  0.2086

37   2 2
spin component  1
  0.0000  0.0000  0.0000  0.0000  0.0000
  0.0000  0.0000  0.0000  0.0000  0.0000
  0.0000  0.0000  0.0000  0.0000  0.0000
  0.0000  0.0000  0.0000  0.0000  0.0000
  0.0000  0.0000  0.0000  0.0000  0.0000
spin component  2
  0.0000  0.0000  0.0000  0.0000  0.0000
  0.0000  0.0000  0.0000  0.0000  0.0000
  0.0000  0.0000  0.0000  0.0000  0.0000
  0.0000  0.0000  0.0000  0.0000  0.0000
  0.0000  0.0000  0.0000  0.0000  0.0000

38   2 2
spin component  1
  0.0000  0.0000  0.0000  0.0000  0.0000
  0.0000  0.0000  0.0000  0.0000  0.0000
  0.0000  0.0000  0.0000  0.0000  0.0000
  0.0000  0.0000  0.0000  0.0000  0.0000
  0.0000  0.0000  0.0000  0.0000  0.0000
spin component  2
  0.0000  0.0000  0.0000  0.0000  0.0000
  0.0000  0.0000  0.0000  0.0000  0.0000
  0.0000  0.0000  0.0000  0.0000  0.0000
  0.0000  0.0000  0.0000  0.0000  0.0000
  0.0000  0.0000  0.0000  0.0000  0.0000

39   2 2
spin component  1
  0.0000  0.0000  0.0000  0.0000  0.0000
  0.0000  0.0000  0.0000  0.0000  0.0000
  0.0000  0.0000  0.0000  0.0000  0.0000
  0.0000  0.0000  0.0000  0.0000  0.0000
  0.0000  0.0000  0.0000  0.0000  0.0000
spin component  2
  0.0000  0.0000  0.0000  0.0000  0.0000
  0.0000  0.0000  0.0000  0.0000  0.0000
  0.0000  0.0000  0.0000  0.0000  0.0000
  0.0000  0.0000  0.0000  0.0000  0.0000
  0.0000  0.0000  0.0000  0.0000  0.0000

40   2 2
spin component  1
  0.0000  0.0000  0.0000  0.0000  0.0000
  0.0000  0.0000  0.0000  0.0000  0.0000
  0.0000  0.0000  0.0000  0.0000  0.0000
  0.0000  0.0000  0.0000  0.0000  0.0000
  0.0000  0.0000  0.0000  0.0000  0.0000
spin component  2
  0.0000  0.0000  0.0000  0.0000  0.0000
  0.0000  0.0000  0.0000  0.0000  0.0000
  0.0000  0.0000  0.0000  0.0000  0.0000
  0.0000  0.0000  0.0000  0.0000  0.0000
  0.0000  0.0000  0.0000  0.0000  0.0000

41   2 2
spin component  1
  0.0000  0.0000  0.0000  0.0000  0.0000
  0.0000  0.0000  0.0000  0.0000  0.0000
  0.0000  0.0000  0.0000  0.0000  0.0000
  0.0000  0.0000  0.0000  0.0000  0.0000
  0.0000  0.0000  0.0000  0.0000  0.0000
spin component  2
  0.0000  0.0000  0.0000  0.0000  0.0000
  0.0000  0.0000  0.0000  0.0000  0.0000
  0.0000  0.0000  0.0000  0.0000  0.0000
  0.0000  0.0000  0.0000  0.0000  0.0000
  0.0000  0.0000  0.0000  0.0000  0.0000

42   2 2
spin component  1
  0.0000  0.0000  0.0000  0.0000  0.0000
  0.0000  0.0000  0.0000  0.0000  0.0000
  0.0000  0.0000  0.0000  0.0000  0.0000
  0.0000  0.0000  0.0000  0.0000  0.0000
  0.0000  0.0000  0.0000  0.0000  0.0000
spin component  2
  0.0000  0.0000  0.0000  0.0000  0.0000
  0.0000  0.0000  0.0000  0.0000  0.0000
  0.0000  0.0000  0.0000  0.0000  0.0000
  0.0000  0.0000  0.0000  0.0000  0.0000
  0.0000  0.0000  0.0000  0.0000  0.0000

43   2 2
spin component  1
  0.0000  0.0000  0.0000  0.0000  0.0000
  0.0000  0.0000  0.0000  0.0000  0.0000
  0.0000  0.0000  0.0000  0.0000  0.0000
  0.0000  0.0000  0.0000  0.0000  0.0000
  0.0000  0.0000  0.0000  0.0000  0.0000
spin component  2
  0.0000  0.0000  0.0000  0.0000  0.0000
  0.0000  0.0000  0.0000  0.0000  0.0000
  0.0000  0.0000  0.0000  0.0000  0.0000
  0.0000  0.0000  0.0000  0.0000  0.0000
  0.0000  0.0000  0.0000  0.0000  0.0000

44   2 2
spin component  1
  0.0000  0.0000  0.0000  0.0000  0.0000
  0.0000  0.0000  0.0000  0.0000  0.0000
  0.0000  0.0000  0.0000  0.0000  0.0000
  0.0000  0.0000  0.0000  0.0000  0.0000
  0.0000  0.0000  0.0000  0.0000  0.0000
spin component  2
  0.0000  0.0000  0.0000  0.0000  0.0000
  0.0000  0.0000  0.0000  0.0000  0.0000
  0.0000  0.0000  0.0000  0.0000  0.0000
  0.0000  0.0000  0.0000  0.0000  0.0000
  0.0000  0.0000  0.0000  0.0000  0.0000

45   2 2
spin component  1
  0.0000  0.0000  0.0000  0.0000  0.0000
  0.0000  0.0000  0.0000  0.0000  0.0000
  0.0000  0.0000  0.0000  0.0000  0.0000
  0.0000  0.0000  0.0000  0.0000  0.0000
  0.0000  0.0000  0.0000  0.0000  0.0000
spin component  2
  0.0000  0.0000  0.0000  0.0000  0.0000
  0.0000  0.0000  0.0000  0.0000  0.0000
  0.0000  0.0000  0.0000  0.0000  0.0000
  0.0000  0.0000  0.0000  0.0000  0.0000
  0.0000  0.0000  0.0000  0.0000  0.0000

46   2 2
spin component  1
  0.0000  0.0000  0.0000  0.0000  0.0000
  0.0000  0.0000  0.0000  0.0000  0.0000
  0.0000  0.0000  0.0000  0.0000  0.0000
  0.0000  0.0000  0.0000  0.0000  0.0000
  0.0000  0.0000  0.0000  0.0000  0.0000
spin component  2
  0.0000  0.0000  0.0000  0.0000  0.0000
  0.0000  0.0000  0.0000  0.0000  0.0000
  0.0000  0.0000  0.0000  0.0000  0.0000
  0.0000  0.0000  0.0000  0.0000  0.0000
  0.0000  0.0000  0.0000  0.0000  0.0000

47   2 2
spin component  1
  0.0000  0.0000  0.0000  0.0000  0.0000
  0.0000  0.0000  0.0000  0.0000  0.0000
  0.0000  0.0000  0.0000  0.0000  0.0000
  0.0000  0.0000  0.0000  0.0000  0.0000
  0.0000  0.0000  0.0000  0.0000  0.0000
spin component  2
  0.0000  0.0000  0.0000  0.0000  0.0000
  0.0000  0.0000  0.0000  0.0000  0.0000
  0.0000  0.0000  0.0000  0.0000  0.0000
  0.0000  0.0000  0.0000  0.0000  0.0000
  0.0000  0.0000  0.0000  0.0000  0.0000

48   2 2
spin component  1
  0.0000  0.0000  0.0000  0.0000  0.0000
  0.0000  0.0000  0.0000  0.0000  0.0000
  0.0000  0.0000  0.0000  0.0000  0.0000
  0.0000  0.0000  0.0000  0.0000  0.0000
  0.0000  0.0000  0.0000  0.0000  0.0000
spin component  2
  0.0000  0.0000  0.0000  0.0000  0.0000
  0.0000  0.0000  0.0000  0.0000  0.0000
  0.0000  0.0000  0.0000  0.0000  0.0000
  0.0000  0.0000  0.0000  0.0000  0.0000
  0.0000  0.0000  0.0000  0.0000  0.0000

49   2 2
spin component  1
  0.0000  0.0000  0.0000  0.0000  0.0000
  0.0000  0.0000  0.0000  0.0000  0.0000
  0.0000  0.0000  0.0000  0.0000  0.0000
  0.0000  0.0000  0.0000  0.0000  0.0000
  0.0000  0.0000  0.0000  0.0000  0.0000
spin component  2
  0.0000  0.0000  0.0000  0.0000  0.0000
  0.0000  0.0000  0.0000  0.0000  0.0000
  0.0000  0.0000  0.0000  0.0000  0.0000
  0.0000  0.0000  0.0000  0.0000  0.0000
  0.0000  0.0000  0.0000  0.0000  0.0000

50   2 2
spin component  1
  0.0000  0.0000  0.0000  0.0000  0.0000
  0.0000  0.0000  0.0000  0.0000  0.0000
  0.0000  0.0000  0.0000  0.0000  0.0000
  0.0000  0.0000  0.0000  0.0000  0.0000
  0.0000  0.0000  0.0000  0.0000  0.0000
spin component  2
  0.0000  0.0000  0.0000  0.0000  0.0000
  0.0000  0.0000  0.0000  0.0000  0.0000
  0.0000  0.0000  0.0000  0.0000  0.0000
  0.0000  0.0000  0.0000  0.0000  0.0000
  0.0000  0.0000  0.0000  0.0000  0.0000

51   2 2
spin component  1
  0.0000  0.0000  0.0000  0.0000  0.0000
  0.0000  0.0000  0.0000  0.0000  0.0000
  0.0000  0.0000  0.0000  0.0000  0.0000
  0.0000  0.0000  0.0000  0.0000  0.0000
  0.0000  0.0000  0.0000  0.0000  0.0000
spin component  2
  0.0000  0.0000  0.0000  0.0000  0.0000
  0.0000  0.0000  0.0000  0.0000  0.0000
  0.0000  0.0000  0.0000  0.0000  0.0000
  0.0000  0.0000  0.0000  0.0000  0.0000
  0.0000  0.0000  0.0000  0.0000  0.0000

52   2 2
spin component  1
  0.0000  0.0000  0.0000  0.0000  0.0000
  0.0000  0.0000  0.0000  0.0000  0.0000
  0.0000  0.0000  0.0000  0.0000  0.0000
  0.0000  0.0000  0.0000  0.0000  0.0000
  0.0000  0.0000  0.0000  0.0000  0.0000
spin component  2
  0.0000  0.0000  0.0000  0.0000  0.0000
  0.0000  0.0000  0.0000  0.0000  0.0000
  0.0000  0.0000  0.0000  0.0000  0.0000
  0.0000  0.0000  0.0000  0.0000  0.0000
  0.0000  0.0000  0.0000  0.0000  0.0000

53   2 2
spin component  1
  0.0000  0.0000  0.0000  0.0000  0.0000
  0.0000  0.0000  0.0000  0.0000  0.0000
  0.0000  0.0000  0.0000  0.0000  0.0000
  0.0000  0.0000  0.0000  0.0000  0.0000
  0.0000  0.0000  0.0000  0.0000  0.0000
spin component  2
  0.0000  0.0000  0.0000  0.0000  0.0000
  0.0000  0.0000  0.0000  0.0000  0.0000
  0.0000  0.0000  0.0000  0.0000  0.0000
  0.0000  0.0000  0.0000  0.0000  0.0000
  0.0000  0.0000  0.0000  0.0000  0.0000

54   2 2
spin component  1
  0.0000  0.0000  0.0000  0.0000  0.0000
  0.0000  0.0000  0.0000  0.0000  0.0000
  0.0000  0.0000  0.0000  0.0000  0.0000
  0.0000  0.0000  0.0000  0.0000  0.0000
  0.0000  0.0000  0.0000  0.0000  0.0000
spin component  2
  0.0000  0.0000  0.0000  0.0000  0.0000
  0.0000  0.0000  0.0000  0.0000  0.0000
  0.0000  0.0000  0.0000  0.0000  0.0000
  0.0000  0.0000  0.0000  0.0000  0.0000
  0.0000  0.0000  0.0000  0.0000  0.0000

55   2 2
spin component  1
  0.0000  0.0000  0.0000  0.0000  0.0000
  0.0000  0.0000  0.0000  0.0000  0.0000
  0.0000  0.0000  0.0000  0.0000  0.0000
  0.0000  0.0000  0.0000  0.0000  0.0000
  0.0000  0.0000  0.0000  0.0000  0.0000
spin component  2
  0.0000  0.0000  0.0000  0.0000  0.0000
  0.0000  0.0000  0.0000  0.0000  0.0000
  0.0000  0.0000  0.0000  0.0000  0.0000
  0.0000  0.0000  0.0000  0.0000  0.0000
  0.0000  0.0000  0.0000  0.0000  0.0000

56   2 2
spin component  1
  0.0000  0.0000  0.0000  0.0000  0.0000
  0.0000  0.0000  0.0000  0.0000  0.0000
  0.0000  0.0000  0.0000  0.0000  0.0000
  0.0000  0.0000  0.0000  0.0000  0.0000
  0.0000  0.0000  0.0000  0.0000  0.0000
spin component  2
  0.0000  0.0000  0.0000  0.0000  0.0000
  0.0000  0.0000  0.0000  0.0000  0.0000
  0.0000  0.0000  0.0000  0.0000  0.0000
  0.0000  0.0000  0.0000  0.0000  0.0000
  0.0000  0.0000  0.0000  0.0000  0.0000

57   2 2
spin component  1
  0.0000  0.0000  0.0000  0.0000  0.0000
  0.0000  0.0000  0.0000  0.0000  0.0000
  0.0000  0.0000  0.0000  0.0000  0.0000
  0.0000  0.0000  0.0000  0.0000  0.0000
  0.0000  0.0000  0.0000  0.0000  0.0000
spin component  2
  0.0000  0.0000  0.0000  0.0000  0.0000
  0.0000  0.0000  0.0000  0.0000  0.0000
  0.0000  0.0000  0.0000  0.0000  0.0000
  0.0000  0.0000  0.0000  0.0000  0.0000
  0.0000  0.0000  0.0000  0.0000  0.0000

58   2 2
spin component  1
  0.0000  0.0000  0.0000  0.0000  0.0000
  0.0000  0.0000  0.0000  0.0000  0.0000
  0.0000  0.0000  0.0000  0.0000  0.0000
  0.0000  0.0000  0.0000  0.0000  0.0000
  0.0000  0.0000  0.0000  0.0000  0.0000
spin component  2
  0.0000  0.0000  0.0000  0.0000  0.0000
  0.0000  0.0000  0.0000  0.0000  0.0000
  0.0000  0.0000  0.0000  0.0000  0.0000
  0.0000  0.0000  0.0000  0.0000  0.0000
  0.0000  0.0000  0.0000  0.0000  0.0000

59   2 2
spin component  1
  0.0000  0.0000  0.0000  0.0000  0.0000
  0.0000  0.0000  0.0000  0.0000  0.0000
  0.0000  0.0000  0.0000  0.0000  0.0000
  0.0000  0.0000  0.0000  0.0000  0.0000
  0.0000  0.0000  0.0000  0.0000  0.0000
spin component  2
  0.0000  0.0000  0.0000  0.0000  0.0000
  0.0000  0.0000  0.0000  0.0000  0.0000
  0.0000  0.0000  0.0000  0.0000  0.0000
  0.0000  0.0000  0.0000  0.0000  0.0000
  0.0000  0.0000  0.0000  0.0000  0.0000

60   2 2
spin component  1
  0.0000  0.0000  0.0000  0.0000  0.0000
  0.0000  0.0000  0.0000  0.0000  0.0000
  0.0000  0.0000  0.0000  0.0000  0.0000
  0.0000  0.0000  0.0000  0.0000  0.0000
  0.0000  0.0000  0.0000  0.0000  0.0000
spin component  2
  0.0000  0.0000  0.0000  0.0000  0.0000
  0.0000  0.0000  0.0000  0.0000  0.0000
  0.0000  0.0000  0.0000  0.0000  0.0000
  0.0000  0.0000  0.0000  0.0000  0.0000
  0.0000  0.0000  0.0000  0.0000  0.0000

61   2 2
spin component  1
  0.0000  0.0000  0.0000  0.0000  0.0000
  0.0000  0.0000  0.0000  0.0000  0.0000
  0.0000  0.0000  0.0000  0.0000  0.0000
  0.0000  0.0000  0.0000  0.0000  0.0000
  0.0000  0.0000  0.0000  0.0000  0.0000
spin component  2
  0.0000  0.0000  0.0000  0.0000  0.0000
  0.0000  0.0000  0.0000  0.0000  0.0000
  0.0000  0.0000  0.0000  0.0000  0.0000
  0.0000  0.0000  0.0000  0.0000  0.0000
  0.0000  0.0000  0.0000  0.0000  0.0000

62   2 2
spin component  1
  0.0000  0.0000  0.0000  0.0000  0.0000
  0.0000  0.0000  0.0000  0.0000  0.0000
  0.0000  0.0000  0.0000  0.0000  0.0000
  0.0000  0.0000  0.0000  0.0000  0.0000
  0.0000  0.0000  0.0000  0.0000  0.0000
spin component  2
  0.0000  0.0000  0.0000  0.0000  0.0000
  0.0000  0.0000  0.0000  0.0000  0.0000
  0.0000  0.0000  0.0000  0.0000  0.0000
  0.0000  0.0000  0.0000  0.0000  0.0000
  0.0000  0.0000  0.0000  0.0000  0.0000

63   2 2
spin component  1
  0.0000  0.0000  0.0000  0.0000  0.0000
  0.0000  0.0000  0.0000  0.0000  0.0000
  0.0000  0.0000  0.0000  0.0000  0.0000
  0.0000  0.0000  0.0000  0.0000  0.0000
  0.0000  0.0000  0.0000  0.0000  0.0000
spin component  2
  0.0000  0.0000  0.0000  0.0000  0.0000
  0.0000  0.0000  0.0000  0.0000  0.0000
  0.0000  0.0000  0.0000  0.0000  0.0000
  0.0000  0.0000  0.0000  0.0000  0.0000
  0.0000  0.0000  0.0000  0.0000  0.0000

64   2 2
spin component  1
  0.0000  0.0000  0.0000  0.0000  0.0000
  0.0000  0.0000  0.0000  0.0000  0.0000
  0.0000  0.0000  0.0000  0.0000  0.0000
  0.0000  0.0000  0.0000  0.0000  0.0000
  0.0000  0.0000  0.0000  0.0000  0.0000
spin component  2
  0.0000  0.0000  0.0000  0.0000  0.0000
  0.0000  0.0000  0.0000  0.0000  0.0000
  0.0000  0.0000  0.0000  0.0000  0.0000
  0.0000  0.0000  0.0000  0.0000  0.0000
  0.0000  0.0000  0.0000  0.0000  0.0000

65   2 2
spin component  1
  0.0000  0.0000  0.0000  0.0000  0.0000
  0.0000  0.0000  0.0000  0.0000  0.0000
  0.0000  0.0000  0.0000  0.0000  0.0000
  0.0000  0.0000  0.0000  0.0000  0.0000
  0.0000  0.0000  0.0000  0.0000  0.0000
spin component  2
  0.0000  0.0000  0.0000  0.0000  0.0000
  0.0000  0.0000  0.0000  0.0000  0.0000
  0.0000  0.0000  0.0000  0.0000  0.0000
  0.0000  0.0000  0.0000  0.0000  0.0000
  0.0000  0.0000  0.0000  0.0000  0.0000

66   2 2
spin component  1
  0.0000  0.0000  0.0000  0.0000  0.0000
  0.0000  0.0000  0.0000  0.0000  0.0000
  0.0000  0.0000  0.0000  0.0000  0.0000
  0.0000  0.0000  0.0000  0.0000  0.0000
  0.0000  0.0000  0.0000  0.0000  0.0000
spin component  2
  0.0000  0.0000  0.0000  0.0000  0.0000
  0.0000  0.0000  0.0000  0.0000  0.0000
  0.0000  0.0000  0.0000  0.0000  0.0000
  0.0000  0.0000  0.0000  0.0000  0.0000
  0.0000  0.0000  0.0000  0.0000  0.0000

67   2 2
spin component  1
  0.0000  0.0000  0.0000  0.0000  0.0000
  0.0000  0.0000  0.0000  0.0000  0.0000
  0.0000  0.0000  0.0000  0.0000  0.0000
  0.0000  0.0000  0.0000  0.0000  0.0000
  0.0000  0.0000  0.0000  0.0000  0.0000
spin component  2
  0.0000  0.0000  0.0000  0.0000  0.0000
  0.0000  0.0000  0.0000  0.0000  0.0000
  0.0000  0.0000  0.0000  0.0000  0.0000
  0.0000  0.0000  0.0000  0.0000  0.0000
  0.0000  0.0000  0.0000  0.0000  0.0000

68   2 2
spin component  1
  0.0000  0.0000  0.0000  0.0000  0.0000
  0.0000  0.0000  0.0000  0.0000  0.0000
  0.0000  0.0000  0.0000  0.0000  0.0000
  0.0000  0.0000  0.0000  0.0000  0.0000
  0.0000  0.0000  0.0000  0.0000  0.0000
spin component  2
  0.0000  0.0000  0.0000  0.0000  0.0000
  0.0000  0.0000  0.0000  0.0000  0.0000
  0.0000  0.0000  0.0000  0.0000  0.0000
  0.0000  0.0000  0.0000  0.0000  0.0000
  0.0000  0.0000  0.0000  0.0000  0.0000

69   2 2
spin component  1
  0.0000  0.0000  0.0000  0.0000  0.0000
  0.0000  0.0000  0.0000  0.0000  0.0000
  0.0000  0.0000  0.0000  0.0000  0.0000
  0.0000  0.0000  0.0000  0.0000  0.0000
  0.0000  0.0000  0.0000  0.0000  0.0000
spin component  2
  0.0000  0.0000  0.0000  0.0000  0.0000
  0.0000  0.0000  0.0000  0.0000  0.0000
  0.0000  0.0000  0.0000  0.0000  0.0000
  0.0000  0.0000  0.0000  0.0000  0.0000
  0.0000  0.0000  0.0000  0.0000  0.0000

70   2 2
spin component  1
  0.0000  0.0000  0.0000  0.0000  0.0000
  0.0000  0.0000  0.0000  0.0000  0.0000
  0.0000  0.0000  0.0000  0.0000  0.0000
  0.0000  0.0000  0.0000  0.0000  0.0000
  0.0000  0.0000  0.0000  0.0000  0.0000
spin component  2
  0.0000  0.0000  0.0000  0.0000  0.0000
  0.0000  0.0000  0.0000  0.0000  0.0000
  0.0000  0.0000  0.0000  0.0000  0.0000
  0.0000  0.0000  0.0000  0.0000  0.0000
  0.0000  0.0000  0.0000  0.0000  0.0000

71   2 2
spin component  1
  0.0000  0.0000  0.0000  0.0000  0.0000
  0.0000  0.0000  0.0000  0.0000  0.0000
  0.0000  0.0000  0.0000  0.0000  0.0000
  0.0000  0.0000  0.0000  0.0000  0.0000
  0.0000  0.0000  0.0000  0.0000  0.0000
spin component  2
  0.0000  0.0000  0.0000  0.0000  0.0000
  0.0000  0.0000  0.0000  0.0000  0.0000
  0.0000  0.0000  0.0000  0.0000  0.0000
  0.0000  0.0000  0.0000  0.0000  0.0000
  0.0000  0.0000  0.0000  0.0000  0.0000

72   2 2
spin component  1
  0.0000  0.0000  0.0000  0.0000  0.0000
  0.0000  0.0000  0.0000  0.0000  0.0000
  0.0000  0.0000  0.0000  0.0000  0.0000
  0.0000  0.0000  0.0000  0.0000  0.0000
  0.0000  0.0000  0.0000  0.0000  0.0000
spin component  2
  0.0000  0.0000  0.0000  0.0000  0.0000
  0.0000  0.0000  0.0000  0.0000  0.0000
  0.0000  0.0000  0.0000  0.0000  0.0000
  0.0000  0.0000  0.0000  0.0000  0.0000
  0.0000  0.0000  0.0000  0.0000  0.0000

73   2 2
spin component  1
  0.0000  0.0000  0.0000  0.0000  0.0000
  0.0000  0.0000  0.0000  0.0000  0.0000
  0.0000  0.0000  0.0000  0.0000  0.0000
  0.0000  0.0000  0.0000  0.0000  0.0000
  0.0000  0.0000  0.0000  0.0000  0.0000
spin component  2
  0.0000  0.0000  0.0000  0.0000  0.0000
  0.0000  0.0000  0.0000  0.0000  0.0000
  0.0000  0.0000  0.0000  0.0000  0.0000
  0.0000  0.0000  0.0000  0.0000  0.0000
  0.0000  0.0000  0.0000  0.0000  0.0000

74   2 2
spin component  1
  0.0000  0.0000  0.0000  0.0000  0.0000
  0.0000  0.0000  0.0000  0.0000  0.0000
  0.0000  0.0000  0.0000  0.0000  0.0000
  0.0000  0.0000  0.0000  0.0000  0.0000
  0.0000  0.0000  0.0000  0.0000  0.0000
spin component  2
  0.0000  0.0000  0.0000  0.0000  0.0000
  0.0000  0.0000  0.0000  0.0000  0.0000
  0.0000  0.0000  0.0000  0.0000  0.0000
  0.0000  0.0000  0.0000  0.0000  0.0000
  0.0000  0.0000  0.0000  0.0000  0.0000

75   2 2
spin component  1
  0.0000  0.0000  0.0000  0.0000  0.0000
  0.0000  0.0000  0.0000  0.0000  0.0000
  0.0000  0.0000  0.0000  0.0000  0.0000
  0.0000  0.0000  0.0000  0.0000  0.0000
  0.0000  0.0000  0.0000  0.0000  0.0000
spin component  2
  0.0000  0.0000  0.0000  0.0000  0.0000
  0.0000  0.0000  0.0000  0.0000  0.0000
  0.0000  0.0000  0.0000  0.0000  0.0000
  0.0000  0.0000  0.0000  0.0000  0.0000
  0.0000  0.0000  0.0000  0.0000  0.0000

76   2 2
spin component  1
  0.0000  0.0000  0.0000  0.0000  0.0000
  0.0000  0.0000  0.0000  0.0000  0.0000
  0.0000  0.0000  0.0000  0.0000  0.0000
  0.0000  0.0000  0.0000  0.0000  0.0000
  0.0000  0.0000  0.0000  0.0000  0.0000
spin component  2
  0.0000  0.0000  0.0000  0.0000  0.0000
  0.0000  0.0000  0.0000  0.0000  0.0000
  0.0000  0.0000  0.0000  0.0000  0.0000
  0.0000  0.0000  0.0000  0.0000  0.0000
  0.0000  0.0000  0.0000  0.0000  0.0000

77   2 2
spin component  1
  0.0000  0.0000  0.0000  0.0000  0.0000
  0.0000  0.0000  0.0000  0.0000  0.0000
  0.0000  0.0000  0.0000  0.0000  0.0000
  0.0000  0.0000  0.0000  0.0000  0.0000
  0.0000  0.0000  0.0000  0.0000  0.0000
spin component  2
  0.0000  0.0000  0.0000  0.0000  0.0000
  0.0000  0.0000  0.0000  0.0000  0.0000
  0.0000  0.0000  0.0000  0.0000  0.0000
  0.0000  0.0000  0.0000  0.0000  0.0000
  0.0000  0.0000  0.0000  0.0000  0.0000

78   2 2
spin component  1
  0.0000  0.0000  0.0000  0.0000  0.0000
  0.0000  0.0000  0.0000  0.0000  0.0000
  0.0000  0.0000  0.0000  0.0000  0.0000
  0.0000  0.0000  0.0000  0.0000  0.0000
  0.0000  0.0000  0.0000  0.0000  0.0000
spin component  2
  0.0000  0.0000  0.0000  0.0000  0.0000
  0.0000  0.0000  0.0000  0.0000  0.0000
  0.0000  0.0000  0.0000  0.0000  0.0000
  0.0000  0.0000  0.0000  0.0000  0.0000
  0.0000  0.0000  0.0000  0.0000  0.0000

79   2 2
spin component  1
  0.0000  0.0000  0.0000  0.0000  0.0000
  0.0000  0.0000  0.0000  0.0000  0.0000
  0.0000  0.0000  0.0000  0.0000  0.0000
  0.0000  0.0000  0.0000  0.0000  0.0000
  0.0000  0.0000  0.0000  0.0000  0.0000
spin component  2
  0.0000  0.0000  0.0000  0.0000  0.0000
  0.0000  0.0000  0.0000  0.0000  0.0000
  0.0000  0.0000  0.0000  0.0000  0.0000
  0.0000  0.0000  0.0000  0.0000  0.0000
  0.0000  0.0000  0.0000  0.0000  0.0000

80   2 2
spin component  1
  0.0000  0.0000  0.0000  0.0000  0.0000
  0.0000  0.0000  0.0000  0.0000  0.0000
  0.0000  0.0000  0.0000  0.0000  0.0000
  0.0000  0.0000  0.0000  0.0000  0.0000
  0.0000  0.0000  0.0000  0.0000  0.0000
spin component  2
  0.0000  0.0000  0.0000  0.0000  0.0000
  0.0000  0.0000  0.0000  0.0000  0.0000
  0.0000  0.0000  0.0000  0.0000  0.0000
  0.0000  0.0000  0.0000  0.0000  0.0000
  0.0000  0.0000  0.0000  0.0000  0.0000

81   2 2
spin component  1
  0.0000  0.0000  0.0000  0.0000  0.0000
  0.0000  0.0000  0.0000  0.0000  0.0000
  0.0000  0.0000  0.0000  0.0000  0.0000
  0.0000  0.0000  0.0000  0.0000  0.0000
  0.0000  0.0000  0.0000  0.0000  0.0000
spin component  2
  0.0000  0.0000  0.0000  0.0000  0.0000
  0.0000  0.0000  0.0000  0.0000  0.0000
  0.0000  0.0000  0.0000  0.0000  0.0000
  0.0000  0.0000  0.0000  0.0000  0.0000
  0.0000  0.0000  0.0000  0.0000  0.0000

82   2 2
spin component  1
  0.0000  0.0000  0.0000  0.0000  0.0000
  0.0000  0.0000  0.0000  0.0000  0.0000
  0.0000  0.0000  0.0000  0.0000  0.0000
  0.0000  0.0000  0.0000  0.0000  0.0000
  0.0000  0.0000  0.0000  0.0000  0.0000
spin component  2
  0.0000  0.0000  0.0000  0.0000  0.0000
  0.0000  0.0000  0.0000  0.0000  0.0000
  0.0000  0.0000  0.0000  0.0000  0.0000
  0.0000  0.0000  0.0000  0.0000  0.0000
  0.0000  0.0000  0.0000  0.0000  0.0000

83   2 2
spin component  1
  0.0000  0.0000  0.0000  0.0000  0.0000
  0.0000  0.0000  0.0000  0.0000  0.0000
  0.0000  0.0000  0.0000  0.0000  0.0000
  0.0000  0.0000  0.0000  0.0000  0.0000
  0.0000  0.0000  0.0000  0.0000  0.0000
spin component  2
  0.0000  0.0000  0.0000  0.0000  0.0000
  0.0000  0.0000  0.0000  0.0000  0.0000
  0.0000  0.0000  0.0000  0.0000  0.0000
  0.0000  0.0000  0.0000  0.0000  0.0000
  0.0000  0.0000  0.0000  0.0000  0.0000

84   2 2
spin component  1
  0.0000  0.0000  0.0000  0.0000  0.0000
  0.0000  0.0000  0.0000  0.0000  0.0000
  0.0000  0.0000  0.0000  0.0000  0.0000
  0.0000  0.0000  0.0000  0.0000  0.0000
  0.0000  0.0000  0.0000  0.0000  0.0000
spin component  2
  0.0000  0.0000  0.0000  0.0000  0.0000
  0.0000  0.0000  0.0000  0.0000  0.0000
  0.0000  0.0000  0.0000  0.0000  0.0000
  0.0000  0.0000  0.0000  0.0000  0.0000
  0.0000  0.0000  0.0000  0.0000  0.0000

85   2 2
spin component  1
  0.0000  0.0000  0.0000  0.0000  0.0000
  0.0000  0.0000  0.0000  0.0000  0.0000
  0.0000  0.0000  0.0000  0.0000  0.0000
  0.0000  0.0000  0.0000  0.0000  0.0000
  0.0000  0.0000  0.0000  0.0000  0.0000
spin component  2
  0.0000  0.0000  0.0000  0.0000  0.0000
  0.0000  0.0000  0.0000  0.0000  0.0000
  0.0000  0.0000  0.0000  0.0000  0.0000
  0.0000  0.0000  0.0000  0.0000  0.0000
  0.0000  0.0000  0.0000  0.0000  0.0000

86   2 2
spin component  1
  0.0000  0.0000  0.0000  0.0000  0.0000
  0.0000  0.0000  0.0000  0.0000  0.0000
  0.0000  0.0000  0.0000  0.0000  0.0000
  0.0000  0.0000  0.0000  0.0000  0.0000
  0.0000  0.0000  0.0000  0.0000  0.0000
spin component  2
  0.0000  0.0000  0.0000  0.0000  0.0000
  0.0000  0.0000  0.0000  0.0000  0.0000
  0.0000  0.0000  0.0000  0.0000  0.0000
  0.0000  0.0000  0.0000  0.0000  0.0000
  0.0000  0.0000  0.0000  0.0000  0.0000

87   2 2
spin component  1
  0.0000  0.0000  0.0000  0.0000  0.0000
  0.0000  0.0000  0.0000  0.0000  0.0000
  0.0000  0.0000  0.0000  0.0000  0.0000
  0.0000  0.0000  0.0000  0.0000  0.0000
  0.0000  0.0000  0.0000  0.0000  0.0000
spin component  2
  0.0000  0.0000  0.0000  0.0000  0.0000
  0.0000  0.0000  0.0000  0.0000  0.0000
  0.0000  0.0000  0.0000  0.0000  0.0000
  0.0000  0.0000  0.0000  0.0000  0.0000
  0.0000  0.0000  0.0000  0.0000  0.0000

88   2 2
spin component  1
  0.0000  0.0000  0.0000  0.0000  0.0000
  0.0000  0.0000  0.0000  0.0000  0.0000
  0.0000  0.0000  0.0000  0.0000  0.0000
  0.0000  0.0000  0.0000  0.0000  0.0000
  0.0000  0.0000  0.0000  0.0000  0.0000
spin component  2
  0.0000  0.0000  0.0000  0.0000  0.0000
  0.0000  0.0000  0.0000  0.0000  0.0000
  0.0000  0.0000  0.0000  0.0000  0.0000
  0.0000  0.0000  0.0000  0.0000  0.0000
  0.0000  0.0000  0.0000  0.0000  0.0000

89   2 2
spin component  1
  0.0000  0.0000  0.0000  0.0000  0.0000
  0.0000  0.0000  0.0000  0.0000  0.0000
  0.0000  0.0000  0.0000  0.0000  0.0000
  0.0000  0.0000  0.0000  0.0000  0.0000
  0.0000  0.0000  0.0000  0.0000  0.0000
spin component  2
  0.0000  0.0000  0.0000  0.0000  0.0000
  0.0000  0.0000  0.0000  0.0000  0.0000
  0.0000  0.0000  0.0000  0.0000  0.0000
  0.0000  0.0000  0.0000  0.0000  0.0000
  0.0000  0.0000  0.0000  0.0000  0.0000

90   2 2
spin component  1
  0.0000  0.0000  0.0000  0.0000  0.0000
  0.0000  0.0000  0.0000  0.0000  0.0000
  0.0000  0.0000  0.0000  0.0000  0.0000
  0.0000  0.0000  0.0000  0.0000  0.0000
  0.0000  0.0000  0.0000  0.0000  0.0000
spin component  2
  0.0000  0.0000  0.0000  0.0000  0.0000
  0.0000  0.0000  0.0000  0.0000  0.0000
  0.0000  0.0000  0.0000  0.0000  0.0000
  0.0000  0.0000  0.0000  0.0000  0.0000
  0.0000  0.0000  0.0000  0.0000  0.0000

91   2 2
spin component  1
  0.0000  0.0000  0.0000  0.0000  0.0000
  0.0000  0.0000  0.0000  0.0000  0.0000
  0.0000  0.0000  0.0000  0.0000  0.0000
  0.0000  0.0000  0.0000  0.0000  0.0000
  0.0000  0.0000  0.0000  0.0000  0.0000
spin component  2
  0.0000  0.0000  0.0000  0.0000  0.0000
  0.0000  0.0000  0.0000  0.0000  0.0000
  0.0000  0.0000  0.0000  0.0000  0.0000
  0.0000  0.0000  0.0000  0.0000  0.0000
  0.0000  0.0000  0.0000  0.0000  0.0000

92   2 2
spin component  1
  0.0000  0.0000  0.0000  0.0000  0.0000
  0.0000  0.0000  0.0000  0.0000  0.0000
  0.0000  0.0000  0.0000  0.0000  0.0000
  0.0000  0.0000  0.0000  0.0000  0.0000
  0.0000  0.0000  0.0000  0.0000  0.0000
spin component  2
  0.0000  0.0000  0.0000  0.0000  0.0000
  0.0000  0.0000  0.0000  0.0000  0.0000
  0.0000  0.0000  0.0000  0.0000  0.0000
  0.0000  0.0000  0.0000  0.0000  0.0000
  0.0000  0.0000  0.0000  0.0000  0.0000

93   2 2
spin component  1
  0.0000  0.0000  0.0000  0.0000  0.0000
  0.0000  0.0000  0.0000  0.0000  0.0000
  0.0000  0.0000  0.0000  0.0000  0.0000
  0.0000  0.0000  0.0000  0.0000  0.0000
  0.0000  0.0000  0.0000  0.0000  0.0000
spin component  2
  0.0000  0.0000  0.0000  0.0000  0.0000
  0.0000  0.0000  0.0000  0.0000  0.0000
  0.0000  0.0000  0.0000  0.0000  0.0000
  0.0000  0.0000  0.0000  0.0000  0.0000
  0.0000  0.0000  0.0000  0.0000  0.0000

94   2 2
spin component  1
  0.0000  0.0000  0.0000  0.0000  0.0000
  0.0000  0.0000  0.0000  0.0000  0.0000
  0.0000  0.0000  0.0000  0.0000  0.0000
  0.0000  0.0000  0.0000  0.0000  0.0000
  0.0000  0.0000  0.0000  0.0000  0.0000
spin component  2
  0.0000  0.0000  0.0000  0.0000  0.0000
  0.0000  0.0000  0.0000  0.0000  0.0000
  0.0000  0.0000  0.0000  0.0000  0.0000
  0.0000  0.0000  0.0000  0.0000  0.0000
  0.0000  0.0000  0.0000  0.0000  0.0000

95   2 2
spin component  1
  0.0000  0.0000  0.0000  0.0000  0.0000
  0.0000  0.0000  0.0000  0.0000  0.0000
  0.0000  0.0000  0.0000  0.0000  0.0000
  0.0000  0.0000  0.0000  0.0000  0.0000
  0.0000  0.0000  0.0000  0.0000  0.0000
spin component  2
  0.0000  0.0000  0.0000  0.0000  0.0000
  0.0000  0.0000  0.0000  0.0000  0.0000
  0.0000  0.0000  0.0000  0.0000  0.0000
  0.0000  0.0000  0.0000  0.0000  0.0000
  0.0000  0.0000  0.0000  0.0000  0.0000

96   2 2
spin component  1
  0.0000  0.0000  0.0000  0.0000  0.0000
  0.0000  0.0000  0.0000  0.0000  0.0000
  0.0000  0.0000  0.0000  0.0000  0.0000
  0.0000  0.0000  0.0000  0.0000  0.0000
  0.0000  0.0000  0.0000  0.0000  0.0000
spin component  2
  0.0000  0.0000  0.0000  0.0000  0.0000
  0.0000  0.0000  0.0000  0.0000  0.0000
  0.0000  0.0000  0.0000  0.0000  0.0000
  0.0000  0.0000  0.0000  0.0000  0.0000
  0.0000  0.0000  0.0000  0.0000  0.0000

97   2 2
spin component  1
  0.0000  0.0000  0.0000  0.0000  0.0000
  0.0000  0.0000  0.0000  0.0000  0.0000
  0.0000  0.0000  0.0000  0.0000  0.0000
  0.0000  0.0000  0.0000  0.0000  0.0000
  0.0000  0.0000  0.0000  0.0000  0.0000
spin component  2
  0.0000  0.0000  0.0000  0.0000  0.0000
  0.0000  0.0000  0.0000  0.0000  0.0000
  0.0000  0.0000  0.0000  0.0000  0.0000
  0.0000  0.0000  0.0000  0.0000  0.0000
  0.0000  0.0000  0.0000  0.0000  0.0000

98   2 2
spin component  1
  0.0000  0.0000  0.0000  0.0000  0.0000
  0.0000  0.0000  0.0000  0.0000  0.0000
  0.0000  0.0000  0.0000  0.0000  0.0000
  0.0000  0.0000  0.0000  0.0000  0.0000
  0.0000  0.0000  0.0000  0.0000  0.0000
spin component  2
  0.0000  0.0000  0.0000  0.0000  0.0000
  0.0000  0.0000  0.0000  0.0000  0.0000
  0.0000  0.0000  0.0000  0.0000  0.0000
  0.0000  0.0000  0.0000  0.0000  0.0000
  0.0000  0.0000  0.0000  0.0000  0.0000

99   2 2
spin component  1
  0.0000  0.0000  0.0000  0.0000  0.0000
  0.0000  0.0000  0.0000  0.0000  0.0000
  0.0000  0.0000  0.0000  0.0000  0.0000
  0.0000  0.0000  0.0000  0.0000  0.0000
  0.0000  0.0000  0.0000  0.0000  0.0000
spin component  2
  0.0000  0.0000  0.0000  0.0000  0.0000
  0.0000  0.0000  0.0000  0.0000  0.0000
  0.0000  0.0000  0.0000  0.0000  0.0000
  0.0000  0.0000  0.0000  0.0000  0.0000
  0.0000  0.0000  0.0000  0.0000  0.0000

100   2 2
spin component  1
  0.0000  0.0000  0.0000  0.0000  0.0000
  0.0000  0.0000  0.0000  0.0000  0.0000
  0.0000  0.0000  0.0000  0.0000  0.0000
  0.0000  0.0000  0.0000  0.0000  0.0000
  0.0000  0.0000  0.0000  0.0000  0.0000
spin component  2
  0.0000  0.0000  0.0000  0.0000  0.0000
  0.0000  0.0000  0.0000  0.0000  0.0000
  0.0000  0.0000  0.0000  0.0000  0.0000
  0.0000  0.0000  0.0000  0.0000  0.0000
  0.0000  0.0000  0.0000  0.0000  0.0000

101   2 2
spin component  1
  0.0000  0.0000  0.0000  0.0000  0.0000
  0.0000  0.0000  0.0000  0.0000  0.0000
  0.0000  0.0000  0.0000  0.0000  0.0000
  0.0000  0.0000  0.0000  0.0000  0.0000
  0.0000  0.0000  0.0000  0.0000  0.0000
spin component  2
  0.0000  0.0000  0.0000  0.0000  0.0000
  0.0000  0.0000  0.0000  0.0000  0.0000
  0.0000  0.0000  0.0000  0.0000  0.0000
  0.0000  0.0000  0.0000  0.0000  0.0000
  0.0000  0.0000  0.0000  0.0000  0.0000

102   2 2
spin component  1
  0.0000  0.0000  0.0000  0.0000  0.0000
  0.0000  0.0000  0.0000  0.0000  0.0000
  0.0000  0.0000  0.0000  0.0000  0.0000
  0.0000  0.0000  0.0000  0.0000  0.0000
  0.0000  0.0000  0.0000  0.0000  0.0000
spin component  2
  0.0000  0.0000  0.0000  0.0000  0.0000
  0.0000  0.0000  0.0000  0.0000  0.0000
  0.0000  0.0000  0.0000  0.0000  0.0000
  0.0000  0.0000  0.0000  0.0000  0.0000
  0.0000  0.0000  0.0000  0.0000  0.0000

103   2 2
spin component  1
  0.0000  0.0000  0.0000  0.0000  0.0000
  0.0000  0.0000  0.0000  0.0000  0.0000
  0.0000  0.0000  0.0000  0.0000  0.0000
  0.0000  0.0000  0.0000  0.0000  0.0000
  0.0000  0.0000  0.0000  0.0000  0.0000
spin component  2
  0.0000  0.0000  0.0000  0.0000  0.0000
  0.0000  0.0000  0.0000  0.0000  0.0000
  0.0000  0.0000  0.0000  0.0000  0.0000
  0.0000  0.0000  0.0000  0.0000  0.0000
  0.0000  0.0000  0.0000  0.0000  0.0000

104   2 2
spin component  1
  0.0000  0.0000  0.0000  0.0000  0.0000
  0.0000  0.0000  0.0000  0.0000  0.0000
  0.0000  0.0000  0.0000  0.0000  0.0000
  0.0000  0.0000  0.0000  0.0000  0.0000
  0.0000  0.0000  0.0000  0.0000  0.0000
spin component  2
  0.0000  0.0000  0.0000  0.0000  0.0000
  0.0000  0.0000  0.0000  0.0000  0.0000
  0.0000  0.0000  0.0000  0.0000  0.0000
  0.0000  0.0000  0.0000  0.0000  0.0000
  0.0000  0.0000  0.0000  0.0000  0.0000

105   2 2
spin component  1
  0.0000  0.0000  0.0000  0.0000  0.0000
  0.0000  0.0000  0.0000  0.0000  0.0000
  0.0000  0.0000  0.0000  0.0000  0.0000
  0.0000  0.0000  0.0000  0.0000  0.0000
  0.0000  0.0000  0.0000  0.0000  0.0000
spin component  2
  0.0000  0.0000  0.0000  0.0000  0.0000
  0.0000  0.0000  0.0000  0.0000  0.0000
  0.0000  0.0000  0.0000  0.0000  0.0000
  0.0000  0.0000  0.0000  0.0000  0.0000
  0.0000  0.0000  0.0000  0.0000  0.0000

106   2 2
spin component  1
  0.0000  0.0000  0.0000  0.0000  0.0000
  0.0000  0.0000  0.0000  0.0000  0.0000
  0.0000  0.0000  0.0000  0.0000  0.0000
  0.0000  0.0000  0.0000  0.0000  0.0000
  0.0000  0.0000  0.0000  0.0000  0.0000
spin component  2
  0.0000  0.0000  0.0000  0.0000  0.0000
  0.0000  0.0000  0.0000  0.0000  0.0000
  0.0000  0.0000  0.0000  0.0000  0.0000
  0.0000  0.0000  0.0000  0.0000  0.0000
  0.0000  0.0000  0.0000  0.0000  0.0000

107   2 2
spin component  1
  0.0000  0.0000  0.0000  0.0000  0.0000
  0.0000  0.0000  0.0000  0.0000  0.0000
  0.0000  0.0000  0.0000  0.0000  0.0000
  0.0000  0.0000  0.0000  0.0000  0.0000
  0.0000  0.0000  0.0000  0.0000  0.0000
spin component  2
  0.0000  0.0000  0.0000  0.0000  0.0000
  0.0000  0.0000  0.0000  0.0000  0.0000
  0.0000  0.0000  0.0000  0.0000  0.0000
  0.0000  0.0000  0.0000  0.0000  0.0000
  0.0000  0.0000  0.0000  0.0000  0.0000

108   2 2
spin component  1
  0.0000  0.0000  0.0000  0.0000  0.0000
  0.0000  0.0000  0.0000  0.0000  0.0000
  0.0000  0.0000  0.0000  0.0000  0.0000
  0.0000  0.0000  0.0000  0.0000  0.0000
  0.0000  0.0000  0.0000  0.0000  0.0000
spin component  2
  0.0000  0.0000  0.0000  0.0000  0.0000
  0.0000  0.0000  0.0000  0.0000  0.0000
  0.0000  0.0000  0.0000  0.0000  0.0000
  0.0000  0.0000  0.0000  0.0000  0.0000
  0.0000  0.0000  0.0000  0.0000  0.0000
