
1   2 2
spin component  1
  0.1141 -0.0002 -0.0000 -0.0007 -0.0001
 -0.0002  0.1078 -0.0000 -0.0004 -0.0005
 -0.0000 -0.0000  0.2330 -0.0000 -0.0009
 -0.0007 -0.0004 -0.0000  0.1097 -0.0001
 -0.0001 -0.0005 -0.0009 -0.0001  0.2399
spin component  2
  0.1147  0.0002  0.0000 -0.0001  0.0000
  0.0002  0.1091 -0.0001  0.0004 -0.0005
  0.0000 -0.0001  0.2328 -0.0000 -0.0009
 -0.0001  0.0004 -0.0000  0.1105  0.0001
  0.0000 -0.0005 -0.0009  0.0001  0.2400

2   2 2
spin component  1
  0.1140 -0.0005 -0.0003 -0.0006 -0.0002
 -0.0005  0.1093 -0.0003  0.0000 -0.0001
 -0.0003 -0.0003  0.2331 -0.0002 -0.0001
 -0.0006  0.0000 -0.0002  0.1086  0.0002
 -0.0002 -0.0001 -0.0001  0.0002  0.2390
spin component  2
  0.1148 -0.0007 -0.0004 -0.0008 -0.0002
 -0.0007  0.1094 -0.0004  0.0001 -0.0001
 -0.0004 -0.0004  0.2329 -0.0003 -0.0001
 -0.0008  0.0001 -0.0003  0.1095  0.0001
 -0.0002 -0.0001 -0.0001  0.0001  0.2388

3   2 2
spin component  1
  0.1139  0.0006  0.0003 -0.0011  0.0001
  0.0006  0.1096 -0.0003 -0.0003 -0.0001
  0.0003 -0.0003  0.2331  0.0002 -0.0000
 -0.0011 -0.0003  0.0002  0.1094 -0.0002
  0.0001 -0.0001 -0.0000 -0.0002  0.2390
spin component  2
  0.1149  0.0007  0.0003 -0.0003  0.0003
  0.0007  0.1091 -0.0004  0.0002 -0.0001
  0.0003 -0.0004  0.2329  0.0003 -0.0001
 -0.0003  0.0002  0.0003  0.1087 -0.0001
  0.0003 -0.0001 -0.0001 -0.0001  0.2389

4   2 2
spin component  1
  0.1145  0.0002 -0.0000 -0.0002 -0.0001
  0.0002  0.1097  0.0001 -0.0002 -0.0000
 -0.0000  0.0001  0.2326 -0.0000  0.0002
 -0.0002 -0.0002 -0.0000  0.1089  0.0000
 -0.0001 -0.0000  0.0002  0.0000  0.2409
spin component  2
  0.1155 -0.0002  0.0000  0.0002  0.0000
 -0.0002  0.1095 -0.0001  0.0002  0.0000
  0.0000 -0.0001  0.2323  0.0000  0.0002
  0.0002  0.0002  0.0000  0.1092  0.0000
  0.0000  0.0000  0.0002  0.0000  0.2409

5   2 2
spin component  1
  0.1143  0.0000 -0.0001  0.0002 -0.0000
  0.0000  0.1101  0.0000 -0.0000 -0.0000
 -0.0001  0.0000  0.2323  0.0002  0.0009
  0.0002 -0.0000  0.0002  0.1085  0.0002
 -0.0000 -0.0000  0.0009  0.0002  0.2401
spin component  2
  0.1153 -0.0007  0.0001 -0.0002 -0.0001
 -0.0007  0.1103 -0.0000 -0.0000 -0.0000
  0.0001 -0.0000  0.2320  0.0003  0.0009
 -0.0002 -0.0000  0.0003  0.1088  0.0001
 -0.0001 -0.0000  0.0009  0.0001  0.2401

6   2 2
spin component  1
  0.1151  0.0004 -0.0001 -0.0002 -0.0000
  0.0004  0.1105  0.0000 -0.0001  0.0001
 -0.0001  0.0000  0.2323 -0.0002  0.0010
 -0.0002 -0.0001 -0.0002  0.1083 -0.0001
 -0.0000  0.0001  0.0010 -0.0001  0.2402
spin component  2
  0.1144  0.0004  0.0000  0.0001  0.0000
  0.0004  0.1099 -0.0000  0.0000 -0.0000
  0.0000 -0.0000  0.2321 -0.0003  0.0009
  0.0001  0.0000 -0.0003  0.1090 -0.0002
  0.0000 -0.0000  0.0009 -0.0002  0.2402

7   2 2
spin component  1
  0.1142  0.0001  0.0000  0.0001  0.0000
  0.0001  0.1086 -0.0000  0.0001  0.0005
  0.0000 -0.0000  0.2332 -0.0000 -0.0009
  0.0001  0.0001 -0.0000  0.1098  0.0001
  0.0000  0.0005 -0.0009  0.0001  0.2401
spin component  2
  0.1151 -0.0000  0.0000  0.0007 -0.0000
 -0.0000  0.1085  0.0001 -0.0001  0.0005
  0.0000  0.0001  0.2329  0.0001 -0.0009
  0.0007 -0.0001  0.0001  0.1107 -0.0001
 -0.0000  0.0005 -0.0009 -0.0001  0.2400

8   2 2
spin component  1
  0.1147 -0.0003  0.0003  0.0009  0.0003
 -0.0003  0.1096  0.0004  0.0002  0.0002
  0.0003  0.0004  0.2332 -0.0003 -0.0000
  0.0009  0.0002 -0.0003  0.1090  0.0001
  0.0003  0.0002 -0.0000  0.0001  0.2390
spin component  2
  0.1141 -0.0010  0.0003  0.0006  0.0001
 -0.0010  0.1093  0.0004 -0.0003  0.0001
  0.0003  0.0004  0.2330 -0.0002 -0.0001
  0.0006 -0.0003 -0.0002  0.1094  0.0001
  0.0001  0.0001 -0.0001  0.0001  0.2390

9   2 2
spin component  1
  0.1144  0.0007 -0.0003  0.0010 -0.0001
  0.0007  0.1093  0.0004  0.0000  0.0001
 -0.0003  0.0004  0.2331  0.0002  0.0000
  0.0010  0.0000  0.0002  0.1090 -0.0002
 -0.0001  0.0001  0.0000 -0.0002  0.2389
spin component  2
  0.1144  0.0005 -0.0002  0.0005 -0.0002
  0.0005  0.1093  0.0004  0.0000  0.0002
 -0.0002  0.0004  0.2329  0.0003 -0.0001
  0.0005  0.0000  0.0003  0.1092 -0.0001
 -0.0002  0.0002 -0.0001 -0.0001  0.2389

10   2 2
spin component  1
  0.1145 -0.0001 -0.0000 -0.0010 -0.0005
 -0.0001  0.1090  0.0003 -0.0001  0.0004
 -0.0000  0.0003  0.2323  0.0001  0.0001
 -0.0010 -0.0001  0.0001  0.1091  0.0000
 -0.0005  0.0004  0.0001  0.0000  0.2402
spin component  2
  0.1155 -0.0009 -0.0003 -0.0001 -0.0006
 -0.0009  0.1101  0.0004  0.0003  0.0004
 -0.0003  0.0004  0.2320  0.0000  0.0002
 -0.0001  0.0003  0.0000  0.1095  0.0000
 -0.0006  0.0004  0.0002  0.0000  0.2400

11   2 2
spin component  1
  0.1176 -0.0004  0.0001 -0.0026 -0.0000
 -0.0004  0.1116  0.0041  0.0003  0.0049
  0.0001  0.0041  0.2305 -0.0001  0.0061
 -0.0026  0.0003 -0.0001  0.1089  0.0000
 -0.0000  0.0049  0.0061  0.0000  0.2417
spin component  2
  0.1141  0.0002 -0.0001 -0.0004  0.0000
  0.0002  0.1129  0.0043 -0.0003  0.0051
 -0.0001  0.0043  0.2306  0.0001  0.0063
 -0.0004 -0.0003  0.0001  0.1097  0.0000
  0.0000  0.0051  0.0063  0.0000  0.2416

12   2 2
spin component  1
  0.1153  0.0004  0.0001 -0.0004  0.0006
  0.0004  0.1092  0.0003 -0.0003  0.0004
  0.0001  0.0003  0.2322 -0.0001  0.0002
 -0.0004 -0.0003 -0.0001  0.1091 -0.0001
  0.0006  0.0004  0.0002 -0.0001  0.2401
spin component  2
  0.1147  0.0007  0.0001 -0.0006  0.0006
  0.0007  0.1097  0.0003  0.0002  0.0005
  0.0001  0.0003  0.2319 -0.0000  0.0002
 -0.0006  0.0002 -0.0000  0.1094  0.0001
  0.0006  0.0005  0.0002  0.0001  0.2399

13   2 2
spin component  1
  0.1154 -0.0006  0.0001  0.0006  0.0005
 -0.0006  0.1096 -0.0002 -0.0001 -0.0005
  0.0001 -0.0002  0.2322  0.0001  0.0001
  0.0006 -0.0001  0.0001  0.1092 -0.0000
  0.0005 -0.0005  0.0001 -0.0000  0.2401
spin component  2
  0.1144 -0.0004  0.0002  0.0005  0.0006
 -0.0004  0.1095 -0.0005 -0.0001 -0.0004
  0.0002 -0.0005  0.2321  0.0001  0.0002
  0.0005 -0.0001  0.0001  0.1093  0.0001
  0.0006 -0.0004  0.0002  0.0001  0.2401

14   2 2
spin component  1
  0.1173  0.0003  0.0000  0.0022  0.0000
  0.0003  0.1118 -0.0040  0.0002 -0.0049
  0.0000 -0.0040  0.2304 -0.0001  0.0061
  0.0022  0.0002 -0.0001  0.1093  0.0001
  0.0000 -0.0049  0.0061  0.0001  0.2416
spin component  2
  0.1141 -0.0003  0.0000  0.0008 -0.0000
 -0.0003  0.1125 -0.0043 -0.0002 -0.0050
  0.0000 -0.0043  0.2304  0.0001  0.0063
  0.0008 -0.0002  0.0001  0.1090 -0.0001
 -0.0000 -0.0050  0.0063 -0.0001  0.2417

15   2 2
spin component  1
  0.1152  0.0001 -0.0001  0.0008 -0.0006
  0.0001  0.1095 -0.0004  0.0002 -0.0005
 -0.0001 -0.0004  0.2322 -0.0001  0.0002
  0.0008  0.0002 -0.0001  0.1089 -0.0001
 -0.0006 -0.0005  0.0002 -0.0001  0.2401
spin component  2
  0.1147  0.0010 -0.0002  0.0003 -0.0006
  0.0010  0.1094 -0.0003 -0.0000 -0.0004
 -0.0002 -0.0003  0.2320  0.0000  0.0002
  0.0003 -0.0000  0.0000  0.1095  0.0000
 -0.0006 -0.0004  0.0002  0.0000  0.2400

16   2 2
spin component  1
  0.1155 -0.0015  0.0000  0.0002  0.0001
 -0.0015  0.1053  0.0000 -0.0001 -0.0001
  0.0000  0.0000  0.2289  0.0074 -0.0137
  0.0002 -0.0001  0.0074  0.1195 -0.0105
  0.0001 -0.0001 -0.0137 -0.0105  0.2529
spin component  2
  0.1162 -0.0025 -0.0001 -0.0002 -0.0001
 -0.0025  0.1058 -0.0000  0.0002  0.0001
 -0.0001 -0.0000  0.2249  0.0056 -0.0077
 -0.0002  0.0002  0.0056  0.1175 -0.0070
 -0.0001  0.0001 -0.0077 -0.0070  0.2421

17   2 2
spin component  1
  0.0000  0.0000  0.0000  0.0000  0.0000
  0.0000  0.0000  0.0000  0.0000  0.0000
  0.0000  0.0000  0.0000  0.0000  0.0000
  0.0000  0.0000  0.0000  1.0000  0.0000
  0.0000  0.0000  0.0000  0.0000  0.0000
spin component  2
  0.0000  0.0000  0.0000  0.0000  0.0000
  0.0000  0.0000  0.0000  0.0000  0.0000
  0.0000  0.0000  0.0000  0.0000  0.0000
  0.0000  0.0000  0.0000  0.0000  0.0000
  0.0000  0.0000  0.0000  0.0000  0.0000

18   2 2
spin component  1
  0.1159  0.0024 -0.0000 -0.0003 -0.0000
  0.0024  0.1055 -0.0001 -0.0002  0.0001
 -0.0000 -0.0001  0.2289 -0.0073 -0.0137
 -0.0003 -0.0002 -0.0073  0.1197  0.0106
 -0.0000  0.0001 -0.0137  0.0106  0.2529
spin component  2
  0.1159  0.0015  0.0000  0.0004  0.0000
  0.0015  0.1055  0.0001  0.0002 -0.0000
  0.0000  0.0001  0.2248 -0.0057 -0.0077
  0.0004  0.0002 -0.0057  0.1174  0.0068
  0.0000 -0.0000 -0.0077  0.0068  0.2422

19   2 2
spin component  1
  0.1149  0.0002  0.0001  0.0003  0.0000
  0.0002  0.1098 -0.0005 -0.0004 -0.0009
  0.0001 -0.0005  0.2318 -0.0001  0.0003
  0.0003 -0.0004 -0.0001  0.1092 -0.0000
  0.0000 -0.0009  0.0003 -0.0000  0.2396
spin component  2
  0.1148 -0.0002 -0.0001  0.0003 -0.0000
 -0.0002  0.1104 -0.0004  0.0004 -0.0009
 -0.0001 -0.0004  0.2317  0.0001  0.0003
  0.0003  0.0004  0.0001  0.1091  0.0000
 -0.0000 -0.0009  0.0003  0.0000  0.2395

20   2 2
spin component  1
  0.1141 -0.0000 -0.0001  0.0005 -0.0008
 -0.0000  0.1100 -0.0006  0.0003 -0.0012
 -0.0001 -0.0006  0.2320 -0.0005  0.0004
  0.0005  0.0003 -0.0005  0.1088  0.0006
 -0.0008 -0.0012  0.0004  0.0006  0.2395
spin component  2
  0.1150  0.0010 -0.0001  0.0001 -0.0010
  0.0010  0.1098 -0.0006 -0.0003 -0.0010
 -0.0001 -0.0006  0.2318 -0.0005  0.0004
  0.0001 -0.0003 -0.0005  0.1093  0.0008
 -0.0010 -0.0010  0.0004  0.0008  0.2394

21   2 2
spin component  1
  0.1147 -0.0003  0.0001  0.0000  0.0009
 -0.0003  0.1102 -0.0006 -0.0001 -0.0012
  0.0001 -0.0006  0.2320  0.0004  0.0004
  0.0000 -0.0001  0.0004  0.1093 -0.0007
  0.0009 -0.0012  0.0004 -0.0007  0.2396
spin component  2
  0.1145 -0.0007  0.0001  0.0005  0.0009
 -0.0007  0.1097 -0.0007 -0.0000 -0.0011
  0.0001 -0.0007  0.2320  0.0005  0.0005
  0.0005 -0.0000  0.0005  0.1089 -0.0007
  0.0009 -0.0011  0.0005 -0.0007  0.2394

22   2 2
spin component  1
  0.1148 -0.0003 -0.0001 -0.0004  0.0001
 -0.0003  0.1103  0.0005  0.0000  0.0008
 -0.0001  0.0005  0.2320 -0.0001  0.0002
 -0.0004  0.0000 -0.0001  0.1093 -0.0000
  0.0001  0.0008  0.0002 -0.0000  0.2396
spin component  2
  0.1149  0.0003  0.0001 -0.0003 -0.0001
  0.0003  0.1101  0.0005  0.0000  0.0009
  0.0001  0.0005  0.2318  0.0001  0.0003
 -0.0003  0.0000  0.0001  0.1092  0.0000
 -0.0001  0.0009  0.0003  0.0000  0.2397

23   2 2
spin component  1
  0.1135  0.0005  0.0000 -0.0005  0.0009
  0.0005  0.1100  0.0006  0.0001  0.0012
  0.0000  0.0006  0.2320 -0.0005  0.0004
 -0.0005  0.0001 -0.0005  0.1090  0.0007
  0.0009  0.0012  0.0004  0.0007  0.2394
spin component  2
  0.1154  0.0005  0.0002  0.0000  0.0009
  0.0005  0.1098  0.0006 -0.0002  0.0010
  0.0002  0.0006  0.2318 -0.0005  0.0005
  0.0000 -0.0002 -0.0005  0.1089  0.0007
  0.0009  0.0010  0.0005  0.0007  0.2395

24   2 2
spin component  1
  0.1148 -0.0008 -0.0001 -0.0005 -0.0009
 -0.0008  0.1097  0.0008  0.0002  0.0013
 -0.0001  0.0008  0.2319  0.0004  0.0004
 -0.0005  0.0002  0.0004  0.1093 -0.0007
 -0.0009  0.0013  0.0004 -0.0007  0.2394
spin component  2
  0.1142 -0.0003 -0.0001  0.0000 -0.0009
 -0.0003  0.1099  0.0006 -0.0001  0.0010
 -0.0001  0.0006  0.2319  0.0006  0.0004
  0.0000 -0.0001  0.0006  0.1087 -0.0007
 -0.0009  0.0010  0.0004 -0.0007  0.2394

25   2 2
spin component  1
  0.1159  0.0003 -0.0000 -0.0002 -0.0001
  0.0003  0.1065  0.0000  0.0003  0.0000
 -0.0000  0.0000  0.2329  0.0001 -0.0064
 -0.0002  0.0003  0.0001  0.1129 -0.0001
 -0.0001  0.0000 -0.0064 -0.0001  0.2447
spin component  2
  0.1167 -0.0002  0.0001  0.0002  0.0001
 -0.0002  0.1066  0.0000 -0.0002 -0.0000
  0.0001  0.0000  0.2323 -0.0001 -0.0058
  0.0002 -0.0002 -0.0001  0.1119  0.0001
  0.0001 -0.0000 -0.0058  0.0001  0.2442

26   2 2
spin component  1
  0.1128  0.0015  0.0000  0.0002  0.0000
  0.0015  0.1104 -0.0000  0.0002 -0.0001
  0.0000 -0.0000  0.2369 -0.0030 -0.0024
  0.0002  0.0002 -0.0030  0.1040 -0.0000
  0.0000 -0.0001 -0.0024 -0.0000  0.2410
spin component  2
  0.1139  0.0011 -0.0000 -0.0002  0.0000
  0.0011  0.1107 -0.0000 -0.0002  0.0000
 -0.0000 -0.0000  0.2356 -0.0023 -0.0058
 -0.0002 -0.0002 -0.0023  0.1082  0.0007
  0.0000  0.0000 -0.0058  0.0007  0.2377

27   2 2
spin component  1
  0.1132 -0.0011 -0.0000 -0.0005  0.0001
 -0.0011  0.1100  0.0000 -0.0001  0.0000
 -0.0000  0.0000  0.2369  0.0030 -0.0024
 -0.0005 -0.0001  0.0030  0.1040 -0.0001
  0.0001  0.0000 -0.0024 -0.0001  0.2411
spin component  2
  0.1136 -0.0014  0.0000  0.0006 -0.0000
 -0.0014  0.1111  0.0000  0.0001  0.0000
  0.0000  0.0000  0.2356  0.0024 -0.0057
  0.0006  0.0001  0.0024  0.1084 -0.0006
 -0.0000  0.0000 -0.0057 -0.0006  0.2377

28   2 2
spin component  1
  0.1141  0.0003 -0.0002  0.0007  0.0006
  0.0003  0.1091 -0.0004 -0.0001 -0.0006
 -0.0002 -0.0004  0.2322 -0.0002 -0.0005
  0.0007 -0.0001 -0.0002  0.1095  0.0011
  0.0006 -0.0006 -0.0005  0.0011  0.2393
spin component  2
  0.1149  0.0003 -0.0002  0.0005  0.0007
  0.0003  0.1083 -0.0004  0.0002 -0.0005
 -0.0002 -0.0004  0.2321 -0.0001 -0.0006
  0.0005  0.0002 -0.0001  0.1105  0.0011
  0.0007 -0.0005 -0.0006  0.0011  0.2393

29   2 2
spin component  1
  0.1212  0.0000  0.0001  0.0033  0.0000
  0.0000  0.1074 -0.0019 -0.0000 -0.0007
  0.0001 -0.0019  0.2334  0.0001  0.0052
  0.0033 -0.0000  0.0001  0.1064 -0.0001
  0.0000 -0.0007  0.0052 -0.0001  0.2397
spin component  2
  0.1132  0.0001 -0.0000  0.0029 -0.0000
  0.0001  0.1085 -0.0017  0.0000 -0.0009
 -0.0000 -0.0017  0.2337 -0.0000  0.0051
  0.0029  0.0000 -0.0000  0.1101  0.0001
 -0.0000 -0.0009  0.0051  0.0001  0.2396

30   2 2
spin component  1
  0.1142 -0.0004  0.0001  0.0006 -0.0006
 -0.0004  0.1091 -0.0004  0.0000 -0.0005
  0.0001 -0.0004  0.2324  0.0002 -0.0005
  0.0006  0.0000  0.0002  0.1100 -0.0010
 -0.0006 -0.0005 -0.0005 -0.0010  0.2394
spin component  2
  0.1148 -0.0002  0.0002  0.0006 -0.0007
 -0.0002  0.1085 -0.0004 -0.0001 -0.0005
  0.0002 -0.0004  0.2322  0.0002 -0.0006
  0.0006 -0.0001  0.0002  0.1104 -0.0012
 -0.0007 -0.0005 -0.0006 -0.0012  0.2394

31   2 2
spin component  1
  0.1147  0.0007 -0.0001 -0.0000 -0.0000
  0.0007  0.1093 -0.0000 -0.0000 -0.0000
 -0.0001 -0.0000  0.2322 -0.0006  0.0001
 -0.0000 -0.0000 -0.0006  0.1094  0.0009
 -0.0000 -0.0000  0.0001  0.0009  0.2400
spin component  2
  0.1154 -0.0000  0.0001 -0.0000  0.0000
 -0.0000  0.1098  0.0000  0.0000  0.0000
  0.0001  0.0000  0.2320 -0.0005  0.0002
 -0.0000  0.0000 -0.0005  0.1099  0.0006
  0.0000  0.0000  0.0002  0.0006  0.2399

32   2 2
spin component  1
  0.1153 -0.0003 -0.0000 -0.0002  0.0000
 -0.0003  0.1112 -0.0000 -0.0001  0.0000
 -0.0000 -0.0000  0.2321  0.0000  0.0046
 -0.0002 -0.0001  0.0000  0.1072  0.0001
  0.0000  0.0000  0.0046  0.0001  0.2428
spin component  2
  0.1162  0.0003  0.0000  0.0002 -0.0000
  0.0003  0.1115  0.0000  0.0000 -0.0001
  0.0000  0.0000  0.2320 -0.0000  0.0045
  0.0002  0.0000 -0.0000  0.1082 -0.0001
 -0.0000 -0.0001  0.0045 -0.0001  0.2425

33   2 2
spin component  1
  0.1154 -0.0002  0.0001 -0.0001 -0.0000
 -0.0002  0.1091 -0.0000  0.0000  0.0000
  0.0001 -0.0000  0.2320  0.0006  0.0002
 -0.0001  0.0000  0.0006  0.1092 -0.0008
 -0.0000  0.0000  0.0002 -0.0008  0.2399
spin component  2
  0.1144 -0.0005 -0.0000  0.0001  0.0000
 -0.0005  0.1098  0.0000  0.0000 -0.0000
 -0.0000  0.0000  0.2320  0.0005  0.0001
  0.0001  0.0000  0.0005  0.1100 -0.0007
  0.0000 -0.0000  0.0001 -0.0007  0.2398

34   2 2
spin component  1
  0.1145  0.0003  0.0002 -0.0006 -0.0008
  0.0003  0.1090  0.0004  0.0003  0.0005
  0.0002  0.0004  0.2324 -0.0002 -0.0005
 -0.0006  0.0003 -0.0002  0.1099  0.0011
 -0.0008  0.0005 -0.0005  0.0011  0.2395
spin component  2
  0.1147  0.0003  0.0001 -0.0006 -0.0006
  0.0003  0.1088  0.0004 -0.0003  0.0005
  0.0001  0.0004  0.2323 -0.0002 -0.0005
 -0.0006 -0.0003 -0.0002  0.1105  0.0011
 -0.0006  0.0005 -0.0005  0.0011  0.2394

35   2 2
spin component  1
  0.1203 -0.0000  0.0001 -0.0035 -0.0001
 -0.0000  0.1073  0.0019 -0.0002  0.0008
  0.0001  0.0019  0.2334  0.0000  0.0052
 -0.0035 -0.0002  0.0000  0.1070 -0.0000
 -0.0001  0.0008  0.0052 -0.0000  0.2397
spin component  2
  0.1140  0.0000 -0.0000 -0.0026  0.0001
  0.0000  0.1084  0.0017  0.0002  0.0008
 -0.0000  0.0017  0.2336 -0.0000  0.0052
 -0.0026  0.0002 -0.0000  0.1094  0.0000
  0.0001  0.0008  0.0052  0.0000  0.2396

36   2 2
spin component  1
  0.1144 -0.0005 -0.0002 -0.0002  0.0006
 -0.0005  0.1089  0.0004 -0.0002  0.0004
 -0.0002  0.0004  0.2323  0.0002 -0.0005
 -0.0002 -0.0002  0.0002  0.1101 -0.0012
  0.0006  0.0004 -0.0005 -0.0012  0.2394
spin component  2
  0.1149 -0.0001 -0.0001 -0.0010  0.0007
 -0.0001  0.1088  0.0004  0.0002  0.0006
 -0.0001  0.0004  0.2322  0.0002 -0.0006
 -0.0010  0.0002  0.0002  0.1102 -0.0010
  0.0007  0.0006 -0.0006 -0.0010  0.2394

37   2 2
spin component  1
  0.0000  0.0000  0.0000  0.0000  0.0000
  0.0000  0.0000  0.0000  0.0000  0.0000
  0.0000  0.0000  0.0000  0.0000  0.0000
  0.0000  0.0000  0.0000  0.0000  0.0000
  0.0000  0.0000  0.0000  0.0000  0.0000
spin component  2
  0.0000  0.0000  0.0000  0.0000  0.0000
  0.0000  0.0000  0.0000  0.0000  0.0000
  0.0000  0.0000  0.0000  0.0000  0.0000
  0.0000  0.0000  0.0000  0.0000  0.0000
  0.0000  0.0000  0.0000  0.0000  0.0000

38   2 2
spin component  1
  0.0000  0.0000  0.0000  0.0000  0.0000
  0.0000  0.0000  0.0000  0.0000  0.0000
  0.0000  0.0000  0.0000  0.0000  0.0000
  0.0000  0.0000  0.0000  0.0000  0.0000
  0.0000  0.0000  0.0000  0.0000  0.0000
spin component  2
  0.0000  0.0000  0.0000  0.0000  0.0000
  0.0000  0.0000  0.0000  0.0000  0.0000
  0.0000  0.0000  0.0000  0.0000  0.0000
  0.0000  0.0000  0.0000  0.0000  0.0000
  0.0000  0.0000  0.0000  0.0000  0.0000

39   2 2
spin component  1
  0.0000  0.0000  0.0000  0.0000  0.0000
  0.0000  0.0000  0.0000  0.0000  0.0000
  0.0000  0.0000  0.0000  0.0000  0.0000
  0.0000  0.0000  0.0000  0.0000  0.0000
  0.0000  0.0000  0.0000  0.0000  0.0000
spin component  2
  0.0000  0.0000  0.0000  0.0000  0.0000
  0.0000  0.0000  0.0000  0.0000  0.0000
  0.0000  0.0000  0.0000  0.0000  0.0000
  0.0000  0.0000  0.0000  0.0000  0.0000
  0.0000  0.0000  0.0000  0.0000  0.0000

40   2 2
spin component  1
  0.0000  0.0000  0.0000  0.0000  0.0000
  0.0000  0.0000  0.0000  0.0000  0.0000
  0.0000  0.0000  0.0000  0.0000  0.0000
  0.0000  0.0000  0.0000  0.0000  0.0000
  0.0000  0.0000  0.0000  0.0000  0.0000
spin component  2
  0.0000  0.0000  0.0000  0.0000  0.0000
  0.0000  0.0000  0.0000  0.0000  0.0000
  0.0000  0.0000  0.0000  0.0000  0.0000
  0.0000  0.0000  0.0000  0.0000  0.0000
  0.0000  0.0000  0.0000  0.0000  0.0000

41   2 2
spin component  1
  0.0000  0.0000  0.0000  0.0000  0.0000
  0.0000  0.0000  0.0000  0.0000  0.0000
  0.0000  0.0000  0.0000  0.0000  0.0000
  0.0000  0.0000  0.0000  0.0000  0.0000
  0.0000  0.0000  0.0000  0.0000  0.0000
spin component  2
  0.0000  0.0000  0.0000  0.0000  0.0000
  0.0000  0.0000  0.0000  0.0000  0.0000
  0.0000  0.0000  0.0000  0.0000  0.0000
  0.0000  0.0000  0.0000  0.0000  0.0000
  0.0000  0.0000  0.0000  0.0000  0.0000

42   2 2
spin component  1
  0.0000  0.0000  0.0000  0.0000  0.0000
  0.0000  0.0000  0.0000  0.0000  0.0000
  0.0000  0.0000  0.0000  0.0000  0.0000
  0.0000  0.0000  0.0000  0.0000  0.0000
  0.0000  0.0000  0.0000  0.0000  0.0000
spin component  2
  0.0000  0.0000  0.0000  0.0000  0.0000
  0.0000  0.0000  0.0000  0.0000  0.0000
  0.0000  0.0000  0.0000  0.0000  0.0000
  0.0000  0.0000  0.0000  0.0000  0.0000
  0.0000  0.0000  0.0000  0.0000  0.0000

43   2 2
spin component  1
  0.0000  0.0000  0.0000  0.0000  0.0000
  0.0000  0.0000  0.0000  0.0000  0.0000
  0.0000  0.0000  0.0000  0.0000  0.0000
  0.0000  0.0000  0.0000  0.0000  0.0000
  0.0000  0.0000  0.0000  0.0000  0.0000
spin component  2
  0.0000  0.0000  0.0000  0.0000  0.0000
  0.0000  0.0000  0.0000  0.0000  0.0000
  0.0000  0.0000  0.0000  0.0000  0.0000
  0.0000  0.0000  0.0000  0.0000  0.0000
  0.0000  0.0000  0.0000  0.0000  0.0000

44   2 2
spin component  1
  0.0000  0.0000  0.0000  0.0000  0.0000
  0.0000  0.0000  0.0000  0.0000  0.0000
  0.0000  0.0000  0.0000  0.0000  0.0000
  0.0000  0.0000  0.0000  0.0000  0.0000
  0.0000  0.0000  0.0000  0.0000  0.0000
spin component  2
  0.0000  0.0000  0.0000  0.0000  0.0000
  0.0000  0.0000  0.0000  0.0000  0.0000
  0.0000  0.0000  0.0000  0.0000  0.0000
  0.0000  0.0000  0.0000  0.0000  0.0000
  0.0000  0.0000  0.0000  0.0000  0.0000

45   2 2
spin component  1
  0.0000  0.0000  0.0000  0.0000  0.0000
  0.0000  0.0000  0.0000  0.0000  0.0000
  0.0000  0.0000  0.0000  0.0000  0.0000
  0.0000  0.0000  0.0000  0.0000  0.0000
  0.0000  0.0000  0.0000  0.0000  0.0000
spin component  2
  0.0000  0.0000  0.0000  0.0000  0.0000
  0.0000  0.0000  0.0000  0.0000  0.0000
  0.0000  0.0000  0.0000  0.0000  0.0000
  0.0000  0.0000  0.0000  0.0000  0.0000
  0.0000  0.0000  0.0000  0.0000  0.0000

46   2 2
spin component  1
  0.0000  0.0000  0.0000  0.0000  0.0000
  0.0000  0.0000  0.0000  0.0000  0.0000
  0.0000  0.0000  0.0000  0.0000  0.0000
  0.0000  0.0000  0.0000  0.0000  0.0000
  0.0000  0.0000  0.0000  0.0000  0.0000
spin component  2
  0.0000  0.0000  0.0000  0.0000  0.0000
  0.0000  0.0000  0.0000  0.0000  0.0000
  0.0000  0.0000  0.0000  0.0000  0.0000
  0.0000  0.0000  0.0000  0.0000  0.0000
  0.0000  0.0000  0.0000  0.0000  0.0000

47   2 2
spin component  1
  0.0000  0.0000  0.0000  0.0000  0.0000
  0.0000  0.0000  0.0000  0.0000  0.0000
  0.0000  0.0000  0.0000  0.0000  0.0000
  0.0000  0.0000  0.0000  0.0000  0.0000
  0.0000  0.0000  0.0000  0.0000  0.0000
spin component  2
  0.0000  0.0000  0.0000  0.0000  0.0000
  0.0000  0.0000  0.0000  0.0000  0.0000
  0.0000  0.0000  0.0000  0.0000  0.0000
  0.0000  0.0000  0.0000  0.0000  0.0000
  0.0000  0.0000  0.0000  0.0000  0.0000

48   2 2
spin component  1
  0.0000  0.0000  0.0000  0.0000  0.0000
  0.0000  0.0000  0.0000  0.0000  0.0000
  0.0000  0.0000  0.0000  0.0000  0.0000
  0.0000  0.0000  0.0000  0.0000  0.0000
  0.0000  0.0000  0.0000  0.0000  0.0000
spin component  2
  0.0000  0.0000  0.0000  0.0000  0.0000
  0.0000  0.0000  0.0000  0.0000  0.0000
  0.0000  0.0000  0.0000  0.0000  0.0000
  0.0000  0.0000  0.0000  0.0000  0.0000
  0.0000  0.0000  0.0000  0.0000  0.0000

49   2 2
spin component  1
  0.0000  0.0000  0.0000  0.0000  0.0000
  0.0000  0.0000  0.0000  0.0000  0.0000
  0.0000  0.0000  0.0000  0.0000  0.0000
  0.0000  0.0000  0.0000  0.0000  0.0000
  0.0000  0.0000  0.0000  0.0000  0.0000
spin component  2
  0.0000  0.0000  0.0000  0.0000  0.0000
  0.0000  0.0000  0.0000  0.0000  0.0000
  0.0000  0.0000  0.0000  0.0000  0.0000
  0.0000  0.0000  0.0000  0.0000  0.0000
  0.0000  0.0000  0.0000  0.0000  0.0000

50   2 2
spin component  1
  0.0000  0.0000  0.0000  0.0000  0.0000
  0.0000  0.0000  0.0000  0.0000  0.0000
  0.0000  0.0000  0.0000  0.0000  0.0000
  0.0000  0.0000  0.0000  0.0000  0.0000
  0.0000  0.0000  0.0000  0.0000  0.0000
spin component  2
  0.0000  0.0000  0.0000  0.0000  0.0000
  0.0000  0.0000  0.0000  0.0000  0.0000
  0.0000  0.0000  0.0000  0.0000  0.0000
  0.0000  0.0000  0.0000  0.0000  0.0000
  0.0000  0.0000  0.0000  0.0000  0.0000

51   2 2
spin component  1
  0.0000  0.0000  0.0000  0.0000  0.0000
  0.0000  0.0000  0.0000  0.0000  0.0000
  0.0000  0.0000  0.0000  0.0000  0.0000
  0.0000  0.0000  0.0000  0.0000  0.0000
  0.0000  0.0000  0.0000  0.0000  0.0000
spin component  2
  0.0000  0.0000  0.0000  0.0000  0.0000
  0.0000  0.0000  0.0000  0.0000  0.0000
  0.0000  0.0000  0.0000  0.0000  0.0000
  0.0000  0.0000  0.0000  0.0000  0.0000
  0.0000  0.0000  0.0000  0.0000  0.0000

52   2 2
spin component  1
  0.0000  0.0000  0.0000  0.0000  0.0000
  0.0000  0.0000  0.0000  0.0000  0.0000
  0.0000  0.0000  0.0000  0.0000  0.0000
  0.0000  0.0000  0.0000  0.0000  0.0000
  0.0000  0.0000  0.0000  0.0000  0.0000
spin component  2
  0.0000  0.0000  0.0000  0.0000  0.0000
  0.0000  0.0000  0.0000  0.0000  0.0000
  0.0000  0.0000  0.0000  0.0000  0.0000
  0.0000  0.0000  0.0000  0.0000  0.0000
  0.0000  0.0000  0.0000  0.0000  0.0000

53   2 2
spin component  1
  0.0000  0.0000  0.0000  0.0000  0.0000
  0.0000  0.0000  0.0000  0.0000  0.0000
  0.0000  0.0000  0.0000  0.0000  0.0000
  0.0000  0.0000  0.0000  0.0000  0.0000
  0.0000  0.0000  0.0000  0.0000  0.0000
spin component  2
  0.0000  0.0000  0.0000  0.0000  0.0000
  0.0000  0.0000  0.0000  0.0000  0.0000
  0.0000  0.0000  0.0000  0.0000  0.0000
  0.0000  0.0000  0.0000  0.0000  0.0000
  0.0000  0.0000  0.0000  0.0000  0.0000

54   2 2
spin component  1
  0.0000  0.0000  0.0000  0.0000  0.0000
  0.0000  0.0000  0.0000  0.0000  0.0000
  0.0000  0.0000  0.0000  0.0000  0.0000
  0.0000  0.0000  0.0000  0.0000  0.0000
  0.0000  0.0000  0.0000  0.0000  0.0000
spin component  2
  0.0000  0.0000  0.0000  0.0000  0.0000
  0.0000  0.0000  0.0000  0.0000  0.0000
  0.0000  0.0000  0.0000  0.0000  0.0000
  0.0000  0.0000  0.0000  0.0000  0.0000
  0.0000  0.0000  0.0000  0.0000  0.0000

55   2 2
spin component  1
  0.0000  0.0000  0.0000  0.0000  0.0000
  0.0000  0.0000  0.0000  0.0000  0.0000
  0.0000  0.0000  0.0000  0.0000  0.0000
  0.0000  0.0000  0.0000  0.0000  0.0000
  0.0000  0.0000  0.0000  0.0000  0.0000
spin component  2
  0.0000  0.0000  0.0000  0.0000  0.0000
  0.0000  0.0000  0.0000  0.0000  0.0000
  0.0000  0.0000  0.0000  0.0000  0.0000
  0.0000  0.0000  0.0000  0.0000  0.0000
  0.0000  0.0000  0.0000  0.0000  0.0000

56   2 2
spin component  1
  0.0000  0.0000  0.0000  0.0000  0.0000
  0.0000  0.0000  0.0000  0.0000  0.0000
  0.0000  0.0000  0.0000  0.0000  0.0000
  0.0000  0.0000  0.0000  0.0000  0.0000
  0.0000  0.0000  0.0000  0.0000  0.0000
spin component  2
  0.0000  0.0000  0.0000  0.0000  0.0000
  0.0000  0.0000  0.0000  0.0000  0.0000
  0.0000  0.0000  0.0000  0.0000  0.0000
  0.0000  0.0000  0.0000  0.0000  0.0000
  0.0000  0.0000  0.0000  0.0000  0.0000

57   2 2
spin component  1
  0.0000  0.0000  0.0000  0.0000  0.0000
  0.0000  0.0000  0.0000  0.0000  0.0000
  0.0000  0.0000  0.0000  0.0000  0.0000
  0.0000  0.0000  0.0000  0.0000  0.0000
  0.0000  0.0000  0.0000  0.0000  0.0000
spin component  2
  0.0000  0.0000  0.0000  0.0000  0.0000
  0.0000  0.0000  0.0000  0.0000  0.0000
  0.0000  0.0000  0.0000  0.0000  0.0000
  0.0000  0.0000  0.0000  0.0000  0.0000
  0.0000  0.0000  0.0000  0.0000  0.0000

58   2 2
spin component  1
  0.0000  0.0000  0.0000  0.0000  0.0000
  0.0000  0.0000  0.0000  0.0000  0.0000
  0.0000  0.0000  0.0000  0.0000  0.0000
  0.0000  0.0000  0.0000  0.0000  0.0000
  0.0000  0.0000  0.0000  0.0000  0.0000
spin component  2
  0.0000  0.0000  0.0000  0.0000  0.0000
  0.0000  0.0000  0.0000  0.0000  0.0000
  0.0000  0.0000  0.0000  0.0000  0.0000
  0.0000  0.0000  0.0000  0.0000  0.0000
  0.0000  0.0000  0.0000  0.0000  0.0000

59   2 2
spin component  1
  0.0000  0.0000  0.0000  0.0000  0.0000
  0.0000  0.0000  0.0000  0.0000  0.0000
  0.0000  0.0000  0.0000  0.0000  0.0000
  0.0000  0.0000  0.0000  0.0000  0.0000
  0.0000  0.0000  0.0000  0.0000  0.0000
spin component  2
  0.0000  0.0000  0.0000  0.0000  0.0000
  0.0000  0.0000  0.0000  0.0000  0.0000
  0.0000  0.0000  0.0000  0.0000  0.0000
  0.0000  0.0000  0.0000  0.0000  0.0000
  0.0000  0.0000  0.0000  0.0000  0.0000

60   2 2
spin component  1
  0.0000  0.0000  0.0000  0.0000  0.0000
  0.0000  0.0000  0.0000  0.0000  0.0000
  0.0000  0.0000  0.0000  0.0000  0.0000
  0.0000  0.0000  0.0000  0.0000  0.0000
  0.0000  0.0000  0.0000  0.0000  0.0000
spin component  2
  0.0000  0.0000  0.0000  0.0000  0.0000
  0.0000  0.0000  0.0000  0.0000  0.0000
  0.0000  0.0000  0.0000  0.0000  0.0000
  0.0000  0.0000  0.0000  0.0000  0.0000
  0.0000  0.0000  0.0000  0.0000  0.0000

61   2 2
spin component  1
  0.0000  0.0000  0.0000  0.0000  0.0000
  0.0000  0.0000  0.0000  0.0000  0.0000
  0.0000  0.0000  0.0000  0.0000  0.0000
  0.0000  0.0000  0.0000  0.0000  0.0000
  0.0000  0.0000  0.0000  0.0000  0.0000
spin component  2
  0.0000  0.0000  0.0000  0.0000  0.0000
  0.0000  0.0000  0.0000  0.0000  0.0000
  0.0000  0.0000  0.0000  0.0000  0.0000
  0.0000  0.0000  0.0000  0.0000  0.0000
  0.0000  0.0000  0.0000  0.0000  0.0000

62   2 2
spin component  1
  0.0000  0.0000  0.0000  0.0000  0.0000
  0.0000  0.0000  0.0000  0.0000  0.0000
  0.0000  0.0000  0.0000  0.0000  0.0000
  0.0000  0.0000  0.0000  0.0000  0.0000
  0.0000  0.0000  0.0000  0.0000  0.0000
spin component  2
  0.0000  0.0000  0.0000  0.0000  0.0000
  0.0000  0.0000  0.0000  0.0000  0.0000
  0.0000  0.0000  0.0000  0.0000  0.0000
  0.0000  0.0000  0.0000  0.0000  0.0000
  0.0000  0.0000  0.0000  0.0000  0.0000

63   2 2
spin component  1
  0.0000  0.0000  0.0000  0.0000  0.0000
  0.0000  0.0000  0.0000  0.0000  0.0000
  0.0000  0.0000  0.0000  0.0000  0.0000
  0.0000  0.0000  0.0000  0.0000  0.0000
  0.0000  0.0000  0.0000  0.0000  0.0000
spin component  2
  0.0000  0.0000  0.0000  0.0000  0.0000
  0.0000  0.0000  0.0000  0.0000  0.0000
  0.0000  0.0000  0.0000  0.0000  0.0000
  0.0000  0.0000  0.0000  0.0000  0.0000
  0.0000  0.0000  0.0000  0.0000  0.0000

64   2 2
spin component  1
  0.0000  0.0000  0.0000  0.0000  0.0000
  0.0000  0.0000  0.0000  0.0000  0.0000
  0.0000  0.0000  0.0000  0.0000  0.0000
  0.0000  0.0000  0.0000  0.0000  0.0000
  0.0000  0.0000  0.0000  0.0000  0.0000
spin component  2
  0.0000  0.0000  0.0000  0.0000  0.0000
  0.0000  0.0000  0.0000  0.0000  0.0000
  0.0000  0.0000  0.0000  0.0000  0.0000
  0.0000  0.0000  0.0000  0.0000  0.0000
  0.0000  0.0000  0.0000  0.0000  0.0000

65   2 2
spin component  1
  0.0000  0.0000  0.0000  0.0000  0.0000
  0.0000  0.0000  0.0000  0.0000  0.0000
  0.0000  0.0000  0.0000  0.0000  0.0000
  0.0000  0.0000  0.0000  0.0000  0.0000
  0.0000  0.0000  0.0000  0.0000  0.0000
spin component  2
  0.0000  0.0000  0.0000  0.0000  0.0000
  0.0000  0.0000  0.0000  0.0000  0.0000
  0.0000  0.0000  0.0000  0.0000  0.0000
  0.0000  0.0000  0.0000  0.0000  0.0000
  0.0000  0.0000  0.0000  0.0000  0.0000

66   2 2
spin component  1
  0.0000  0.0000  0.0000  0.0000  0.0000
  0.0000  0.0000  0.0000  0.0000  0.0000
  0.0000  0.0000  0.0000  0.0000  0.0000
  0.0000  0.0000  0.0000  0.0000  0.0000
  0.0000  0.0000  0.0000  0.0000  0.0000
spin component  2
  0.0000  0.0000  0.0000  0.0000  0.0000
  0.0000  0.0000  0.0000  0.0000  0.0000
  0.0000  0.0000  0.0000  0.0000  0.0000
  0.0000  0.0000  0.0000  0.0000  0.0000
  0.0000  0.0000  0.0000  0.0000  0.0000

67   2 2
spin component  1
  0.0000  0.0000  0.0000  0.0000  0.0000
  0.0000  0.0000  0.0000  0.0000  0.0000
  0.0000  0.0000  0.0000  0.0000  0.0000
  0.0000  0.0000  0.0000  0.0000  0.0000
  0.0000  0.0000  0.0000  0.0000  0.0000
spin component  2
  0.0000  0.0000  0.0000  0.0000  0.0000
  0.0000  0.0000  0.0000  0.0000  0.0000
  0.0000  0.0000  0.0000  0.0000  0.0000
  0.0000  0.0000  0.0000  0.0000  0.0000
  0.0000  0.0000  0.0000  0.0000  0.0000

68   2 2
spin component  1
  0.0000  0.0000  0.0000  0.0000  0.0000
  0.0000  0.0000  0.0000  0.0000  0.0000
  0.0000  0.0000  0.0000  0.0000  0.0000
  0.0000  0.0000  0.0000  0.0000  0.0000
  0.0000  0.0000  0.0000  0.0000  0.0000
spin component  2
  0.0000  0.0000  0.0000  0.0000  0.0000
  0.0000  0.0000  0.0000  0.0000  0.0000
  0.0000  0.0000  0.0000  0.0000  0.0000
  0.0000  0.0000  0.0000  0.0000  0.0000
  0.0000  0.0000  0.0000  0.0000  0.0000

69   2 2
spin component  1
  0.0000  0.0000  0.0000  0.0000  0.0000
  0.0000  0.0000  0.0000  0.0000  0.0000
  0.0000  0.0000  0.0000  0.0000  0.0000
  0.0000  0.0000  0.0000  0.0000  0.0000
  0.0000  0.0000  0.0000  0.0000  0.0000
spin component  2
  0.0000  0.0000  0.0000  0.0000  0.0000
  0.0000  0.0000  0.0000  0.0000  0.0000
  0.0000  0.0000  0.0000  0.0000  0.0000
  0.0000  0.0000  0.0000  0.0000  0.0000
  0.0000  0.0000  0.0000  0.0000  0.0000

70   2 2
spin component  1
  0.0000  0.0000  0.0000  0.0000  0.0000
  0.0000  0.0000  0.0000  0.0000  0.0000
  0.0000  0.0000  0.0000  0.0000  0.0000
  0.0000  0.0000  0.0000  0.0000  0.0000
  0.0000  0.0000  0.0000  0.0000  0.0000
spin component  2
  0.0000  0.0000  0.0000  0.0000  0.0000
  0.0000  0.0000  0.0000  0.0000  0.0000
  0.0000  0.0000  0.0000  0.0000  0.0000
  0.0000  0.0000  0.0000  0.0000  0.0000
  0.0000  0.0000  0.0000  0.0000  0.0000

71   2 2
spin component  1
  0.0000  0.0000  0.0000  0.0000  0.0000
  0.0000  0.0000  0.0000  0.0000  0.0000
  0.0000  0.0000  0.0000  0.0000  0.0000
  0.0000  0.0000  0.0000  0.0000  0.0000
  0.0000  0.0000  0.0000  0.0000  0.0000
spin component  2
  0.0000  0.0000  0.0000  0.0000  0.0000
  0.0000  0.0000  0.0000  0.0000  0.0000
  0.0000  0.0000  0.0000  0.0000  0.0000
  0.0000  0.0000  0.0000  0.0000  0.0000
  0.0000  0.0000  0.0000  0.0000  0.0000

72   2 2
spin component  1
  0.0000  0.0000  0.0000  0.0000  0.0000
  0.0000  0.0000  0.0000  0.0000  0.0000
  0.0000  0.0000  0.0000  0.0000  0.0000
  0.0000  0.0000  0.0000  0.0000  0.0000
  0.0000  0.0000  0.0000  0.0000  0.0000
spin component  2
  0.0000  0.0000  0.0000  0.0000  0.0000
  0.0000  0.0000  0.0000  0.0000  0.0000
  0.0000  0.0000  0.0000  0.0000  0.0000
  0.0000  0.0000  0.0000  0.0000  0.0000
  0.0000  0.0000  0.0000  0.0000  0.0000

73   2 2
spin component  1
  0.0000  0.0000  0.0000  0.0000  0.0000
  0.0000  0.0000  0.0000  0.0000  0.0000
  0.0000  0.0000  0.0000  0.0000  0.0000
  0.0000  0.0000  0.0000  0.0000  0.0000
  0.0000  0.0000  0.0000  0.0000  0.0000
spin component  2
  0.0000  0.0000  0.0000  0.0000  0.0000
  0.0000  0.0000  0.0000  0.0000  0.0000
  0.0000  0.0000  0.0000  0.0000  0.0000
  0.0000  0.0000  0.0000  0.0000  0.0000
  0.0000  0.0000  0.0000  0.0000  0.0000

74   2 2
spin component  1
  0.0000  0.0000  0.0000  0.0000  0.0000
  0.0000  0.0000  0.0000  0.0000  0.0000
  0.0000  0.0000  0.0000  0.0000  0.0000
  0.0000  0.0000  0.0000  0.0000  0.0000
  0.0000  0.0000  0.0000  0.0000  0.0000
spin component  2
  0.0000  0.0000  0.0000  0.0000  0.0000
  0.0000  0.0000  0.0000  0.0000  0.0000
  0.0000  0.0000  0.0000  0.0000  0.0000
  0.0000  0.0000  0.0000  0.0000  0.0000
  0.0000  0.0000  0.0000  0.0000  0.0000

75   2 2
spin component  1
  0.0000  0.0000  0.0000  0.0000  0.0000
  0.0000  0.0000  0.0000  0.0000  0.0000
  0.0000  0.0000  0.0000  0.0000  0.0000
  0.0000  0.0000  0.0000  0.0000  0.0000
  0.0000  0.0000  0.0000  0.0000  0.0000
spin component  2
  0.0000  0.0000  0.0000  0.0000  0.0000
  0.0000  0.0000  0.0000  0.0000  0.0000
  0.0000  0.0000  0.0000  0.0000  0.0000
  0.0000  0.0000  0.0000  0.0000  0.0000
  0.0000  0.0000  0.0000  0.0000  0.0000

76   2 2
spin component  1
  0.0000  0.0000  0.0000  0.0000  0.0000
  0.0000  0.0000  0.0000  0.0000  0.0000
  0.0000  0.0000  0.0000  0.0000  0.0000
  0.0000  0.0000  0.0000  0.0000  0.0000
  0.0000  0.0000  0.0000  0.0000  0.0000
spin component  2
  0.0000  0.0000  0.0000  0.0000  0.0000
  0.0000  0.0000  0.0000  0.0000  0.0000
  0.0000  0.0000  0.0000  0.0000  0.0000
  0.0000  0.0000  0.0000  0.0000  0.0000
  0.0000  0.0000  0.0000  0.0000  0.0000

77   2 2
spin component  1
  0.0000  0.0000  0.0000  0.0000  0.0000
  0.0000  0.0000  0.0000  0.0000  0.0000
  0.0000  0.0000  0.0000  0.0000  0.0000
  0.0000  0.0000  0.0000  0.0000  0.0000
  0.0000  0.0000  0.0000  0.0000  0.0000
spin component  2
  0.0000  0.0000  0.0000  0.0000  0.0000
  0.0000  0.0000  0.0000  0.0000  0.0000
  0.0000  0.0000  0.0000  0.0000  0.0000
  0.0000  0.0000  0.0000  0.0000  0.0000
  0.0000  0.0000  0.0000  0.0000  0.0000

78   2 2
spin component  1
  0.0000  0.0000  0.0000  0.0000  0.0000
  0.0000  0.0000  0.0000  0.0000  0.0000
  0.0000  0.0000  0.0000  0.0000  0.0000
  0.0000  0.0000  0.0000  0.0000  0.0000
  0.0000  0.0000  0.0000  0.0000  0.0000
spin component  2
  0.0000  0.0000  0.0000  0.0000  0.0000
  0.0000  0.0000  0.0000  0.0000  0.0000
  0.0000  0.0000  0.0000  0.0000  0.0000
  0.0000  0.0000  0.0000  0.0000  0.0000
  0.0000  0.0000  0.0000  0.0000  0.0000

79   2 2
spin component  1
  0.0000  0.0000  0.0000  0.0000  0.0000
  0.0000  0.0000  0.0000  0.0000  0.0000
  0.0000  0.0000  0.0000  0.0000  0.0000
  0.0000  0.0000  0.0000  0.0000  0.0000
  0.0000  0.0000  0.0000  0.0000  0.0000
spin component  2
  0.0000  0.0000  0.0000  0.0000  0.0000
  0.0000  0.0000  0.0000  0.0000  0.0000
  0.0000  0.0000  0.0000  0.0000  0.0000
  0.0000  0.0000  0.0000  0.0000  0.0000
  0.0000  0.0000  0.0000  0.0000  0.0000

80   2 2
spin component  1
  0.0000  0.0000  0.0000  0.0000  0.0000
  0.0000  0.0000  0.0000  0.0000  0.0000
  0.0000  0.0000  0.0000  0.0000  0.0000
  0.0000  0.0000  0.0000  0.0000  0.0000
  0.0000  0.0000  0.0000  0.0000  0.0000
spin component  2
  0.0000  0.0000  0.0000  0.0000  0.0000
  0.0000  0.0000  0.0000  0.0000  0.0000
  0.0000  0.0000  0.0000  0.0000  0.0000
  0.0000  0.0000  0.0000  0.0000  0.0000
  0.0000  0.0000  0.0000  0.0000  0.0000

81   2 2
spin component  1
  0.0000  0.0000  0.0000  0.0000  0.0000
  0.0000  0.0000  0.0000  0.0000  0.0000
  0.0000  0.0000  0.0000  0.0000  0.0000
  0.0000  0.0000  0.0000  0.0000  0.0000
  0.0000  0.0000  0.0000  0.0000  0.0000
spin component  2
  0.0000  0.0000  0.0000  0.0000  0.0000
  0.0000  0.0000  0.0000  0.0000  0.0000
  0.0000  0.0000  0.0000  0.0000  0.0000
  0.0000  0.0000  0.0000  0.0000  0.0000
  0.0000  0.0000  0.0000  0.0000  0.0000

82   2 2
spin component  1
  0.0000  0.0000  0.0000  0.0000  0.0000
  0.0000  0.0000  0.0000  0.0000  0.0000
  0.0000  0.0000  0.0000  0.0000  0.0000
  0.0000  0.0000  0.0000  0.0000  0.0000
  0.0000  0.0000  0.0000  0.0000  0.0000
spin component  2
  0.0000  0.0000  0.0000  0.0000  0.0000
  0.0000  0.0000  0.0000  0.0000  0.0000
  0.0000  0.0000  0.0000  0.0000  0.0000
  0.0000  0.0000  0.0000  0.0000  0.0000
  0.0000  0.0000  0.0000  0.0000  0.0000

83   2 2
spin component  1
  0.0000  0.0000  0.0000  0.0000  0.0000
  0.0000  0.0000  0.0000  0.0000  0.0000
  0.0000  0.0000  0.0000  0.0000  0.0000
  0.0000  0.0000  0.0000  0.0000  0.0000
  0.0000  0.0000  0.0000  0.0000  0.0000
spin component  2
  0.0000  0.0000  0.0000  0.0000  0.0000
  0.0000  0.0000  0.0000  0.0000  0.0000
  0.0000  0.0000  0.0000  0.0000  0.0000
  0.0000  0.0000  0.0000  0.0000  0.0000
  0.0000  0.0000  0.0000  0.0000  0.0000

84   2 2
spin component  1
  0.0000  0.0000  0.0000  0.0000  0.0000
  0.0000  0.0000  0.0000  0.0000  0.0000
  0.0000  0.0000  0.0000  0.0000  0.0000
  0.0000  0.0000  0.0000  0.0000  0.0000
  0.0000  0.0000  0.0000  0.0000  0.0000
spin component  2
  0.0000  0.0000  0.0000  0.0000  0.0000
  0.0000  0.0000  0.0000  0.0000  0.0000
  0.0000  0.0000  0.0000  0.0000  0.0000
  0.0000  0.0000  0.0000  0.0000  0.0000
  0.0000  0.0000  0.0000  0.0000  0.0000

85   2 2
spin component  1
  0.0000  0.0000  0.0000  0.0000  0.0000
  0.0000  0.0000  0.0000  0.0000  0.0000
  0.0000  0.0000  0.0000  0.0000  0.0000
  0.0000  0.0000  0.0000  0.0000  0.0000
  0.0000  0.0000  0.0000  0.0000  0.0000
spin component  2
  0.0000  0.0000  0.0000  0.0000  0.0000
  0.0000  0.0000  0.0000  0.0000  0.0000
  0.0000  0.0000  0.0000  0.0000  0.0000
  0.0000  0.0000  0.0000  0.0000  0.0000
  0.0000  0.0000  0.0000  0.0000  0.0000

86   2 2
spin component  1
  0.0000  0.0000  0.0000  0.0000  0.0000
  0.0000  0.0000  0.0000  0.0000  0.0000
  0.0000  0.0000  0.0000  0.0000  0.0000
  0.0000  0.0000  0.0000  0.0000  0.0000
  0.0000  0.0000  0.0000  0.0000  0.0000
spin component  2
  0.0000  0.0000  0.0000  0.0000  0.0000
  0.0000  0.0000  0.0000  0.0000  0.0000
  0.0000  0.0000  0.0000  0.0000  0.0000
  0.0000  0.0000  0.0000  0.0000  0.0000
  0.0000  0.0000  0.0000  0.0000  0.0000

87   2 2
spin component  1
  0.0000  0.0000  0.0000  0.0000  0.0000
  0.0000  0.0000  0.0000  0.0000  0.0000
  0.0000  0.0000  0.0000  0.0000  0.0000
  0.0000  0.0000  0.0000  0.0000  0.0000
  0.0000  0.0000  0.0000  0.0000  0.0000
spin component  2
  0.0000  0.0000  0.0000  0.0000  0.0000
  0.0000  0.0000  0.0000  0.0000  0.0000
  0.0000  0.0000  0.0000  0.0000  0.0000
  0.0000  0.0000  0.0000  0.0000  0.0000
  0.0000  0.0000  0.0000  0.0000  0.0000

88   2 2
spin component  1
  0.0000  0.0000  0.0000  0.0000  0.0000
  0.0000  0.0000  0.0000  0.0000  0.0000
  0.0000  0.0000  0.0000  0.0000  0.0000
  0.0000  0.0000  0.0000  0.0000  0.0000
  0.0000  0.0000  0.0000  0.0000  0.0000
spin component  2
  0.0000  0.0000  0.0000  0.0000  0.0000
  0.0000  0.0000  0.0000  0.0000  0.0000
  0.0000  0.0000  0.0000  0.0000  0.0000
  0.0000  0.0000  0.0000  0.0000  0.0000
  0.0000  0.0000  0.0000  0.0000  0.0000

89   2 2
spin component  1
  0.0000  0.0000  0.0000  0.0000  0.0000
  0.0000  0.0000  0.0000  0.0000  0.0000
  0.0000  0.0000  0.0000  0.0000  0.0000
  0.0000  0.0000  0.0000  0.0000  0.0000
  0.0000  0.0000  0.0000  0.0000  0.0000
spin component  2
  0.0000  0.0000  0.0000  0.0000  0.0000
  0.0000  0.0000  0.0000  0.0000  0.0000
  0.0000  0.0000  0.0000  0.0000  0.0000
  0.0000  0.0000  0.0000  0.0000  0.0000
  0.0000  0.0000  0.0000  0.0000  0.0000

90   2 2
spin component  1
  0.0000  0.0000  0.0000  0.0000  0.0000
  0.0000  0.0000  0.0000  0.0000  0.0000
  0.0000  0.0000  0.0000  0.0000  0.0000
  0.0000  0.0000  0.0000  0.0000  0.0000
  0.0000  0.0000  0.0000  0.0000  0.0000
spin component  2
  0.0000  0.0000  0.0000  0.0000  0.0000
  0.0000  0.0000  0.0000  0.0000  0.0000
  0.0000  0.0000  0.0000  0.0000  0.0000
  0.0000  0.0000  0.0000  0.0000  0.0000
  0.0000  0.0000  0.0000  0.0000  0.0000

91   2 2
spin component  1
  0.0000  0.0000  0.0000  0.0000  0.0000
  0.0000  0.0000  0.0000  0.0000  0.0000
  0.0000  0.0000  0.0000  0.0000  0.0000
  0.0000  0.0000  0.0000  0.0000  0.0000
  0.0000  0.0000  0.0000  0.0000  0.0000
spin component  2
  0.0000  0.0000  0.0000  0.0000  0.0000
  0.0000  0.0000  0.0000  0.0000  0.0000
  0.0000  0.0000  0.0000  0.0000  0.0000
  0.0000  0.0000  0.0000  0.0000  0.0000
  0.0000  0.0000  0.0000  0.0000  0.0000

92   2 2
spin component  1
  0.0000  0.0000  0.0000  0.0000  0.0000
  0.0000  0.0000  0.0000  0.0000  0.0000
  0.0000  0.0000  0.0000  0.0000  0.0000
  0.0000  0.0000  0.0000  0.0000  0.0000
  0.0000  0.0000  0.0000  0.0000  0.0000
spin component  2
  0.0000  0.0000  0.0000  0.0000  0.0000
  0.0000  0.0000  0.0000  0.0000  0.0000
  0.0000  0.0000  0.0000  0.0000  0.0000
  0.0000  0.0000  0.0000  0.0000  0.0000
  0.0000  0.0000  0.0000  0.0000  0.0000

93   2 2
spin component  1
  0.0000  0.0000  0.0000  0.0000  0.0000
  0.0000  0.0000  0.0000  0.0000  0.0000
  0.0000  0.0000  0.0000  0.0000  0.0000
  0.0000  0.0000  0.0000  0.0000  0.0000
  0.0000  0.0000  0.0000  0.0000  0.0000
spin component  2
  0.0000  0.0000  0.0000  0.0000  0.0000
  0.0000  0.0000  0.0000  0.0000  0.0000
  0.0000  0.0000  0.0000  0.0000  0.0000
  0.0000  0.0000  0.0000  0.0000  0.0000
  0.0000  0.0000  0.0000  0.0000  0.0000

94   2 2
spin component  1
  0.0000  0.0000  0.0000  0.0000  0.0000
  0.0000  0.0000  0.0000  0.0000  0.0000
  0.0000  0.0000  0.0000  0.0000  0.0000
  0.0000  0.0000  0.0000  0.0000  0.0000
  0.0000  0.0000  0.0000  0.0000  0.0000
spin component  2
  0.0000  0.0000  0.0000  0.0000  0.0000
  0.0000  0.0000  0.0000  0.0000  0.0000
  0.0000  0.0000  0.0000  0.0000  0.0000
  0.0000  0.0000  0.0000  0.0000  0.0000
  0.0000  0.0000  0.0000  0.0000  0.0000

95   2 2
spin component  1
  0.0000  0.0000  0.0000  0.0000  0.0000
  0.0000  0.0000  0.0000  0.0000  0.0000
  0.0000  0.0000  0.0000  0.0000  0.0000
  0.0000  0.0000  0.0000  0.0000  0.0000
  0.0000  0.0000  0.0000  0.0000  0.0000
spin component  2
  0.0000  0.0000  0.0000  0.0000  0.0000
  0.0000  0.0000  0.0000  0.0000  0.0000
  0.0000  0.0000  0.0000  0.0000  0.0000
  0.0000  0.0000  0.0000  0.0000  0.0000
  0.0000  0.0000  0.0000  0.0000  0.0000

96   2 2
spin component  1
  0.0000  0.0000  0.0000  0.0000  0.0000
  0.0000  0.0000  0.0000  0.0000  0.0000
  0.0000  0.0000  0.0000  0.0000  0.0000
  0.0000  0.0000  0.0000  0.0000  0.0000
  0.0000  0.0000  0.0000  0.0000  0.0000
spin component  2
  0.0000  0.0000  0.0000  0.0000  0.0000
  0.0000  0.0000  0.0000  0.0000  0.0000
  0.0000  0.0000  0.0000  0.0000  0.0000
  0.0000  0.0000  0.0000  0.0000  0.0000
  0.0000  0.0000  0.0000  0.0000  0.0000

97   2 2
spin component  1
  0.0000  0.0000  0.0000  0.0000  0.0000
  0.0000  0.0000  0.0000  0.0000  0.0000
  0.0000  0.0000  0.0000  0.0000  0.0000
  0.0000  0.0000  0.0000  0.0000  0.0000
  0.0000  0.0000  0.0000  0.0000  0.0000
spin component  2
  0.0000  0.0000  0.0000  0.0000  0.0000
  0.0000  0.0000  0.0000  0.0000  0.0000
  0.0000  0.0000  0.0000  0.0000  0.0000
  0.0000  0.0000  0.0000  0.0000  0.0000
  0.0000  0.0000  0.0000  0.0000  0.0000

98   2 2
spin component  1
  0.0000  0.0000  0.0000  0.0000  0.0000
  0.0000  0.0000  0.0000  0.0000  0.0000
  0.0000  0.0000  0.0000  0.0000  0.0000
  0.0000  0.0000  0.0000  0.0000  0.0000
  0.0000  0.0000  0.0000  0.0000  0.0000
spin component  2
  0.0000  0.0000  0.0000  0.0000  0.0000
  0.0000  0.0000  0.0000  0.0000  0.0000
  0.0000  0.0000  0.0000  0.0000  0.0000
  0.0000  0.0000  0.0000  0.0000  0.0000
  0.0000  0.0000  0.0000  0.0000  0.0000

99   2 2
spin component  1
  0.0000  0.0000  0.0000  0.0000  0.0000
  0.0000  0.0000  0.0000  0.0000  0.0000
  0.0000  0.0000  0.0000  0.0000  0.0000
  0.0000  0.0000  0.0000  0.0000  0.0000
  0.0000  0.0000  0.0000  0.0000  0.0000
spin component  2
  0.0000  0.0000  0.0000  0.0000  0.0000
  0.0000  0.0000  0.0000  0.0000  0.0000
  0.0000  0.0000  0.0000  0.0000  0.0000
  0.0000  0.0000  0.0000  0.0000  0.0000
  0.0000  0.0000  0.0000  0.0000  0.0000

100   2 2
spin component  1
  0.0000  0.0000  0.0000  0.0000  0.0000
  0.0000  0.0000  0.0000  0.0000  0.0000
  0.0000  0.0000  0.0000  0.0000  0.0000
  0.0000  0.0000  0.0000  0.0000  0.0000
  0.0000  0.0000  0.0000  0.0000  0.0000
spin component  2
  0.0000  0.0000  0.0000  0.0000  0.0000
  0.0000  0.0000  0.0000  0.0000  0.0000
  0.0000  0.0000  0.0000  0.0000  0.0000
  0.0000  0.0000  0.0000  0.0000  0.0000
  0.0000  0.0000  0.0000  0.0000  0.0000

101   2 2
spin component  1
  0.0000  0.0000  0.0000  0.0000  0.0000
  0.0000  0.0000  0.0000  0.0000  0.0000
  0.0000  0.0000  0.0000  0.0000  0.0000
  0.0000  0.0000  0.0000  0.0000  0.0000
  0.0000  0.0000  0.0000  0.0000  0.0000
spin component  2
  0.0000  0.0000  0.0000  0.0000  0.0000
  0.0000  0.0000  0.0000  0.0000  0.0000
  0.0000  0.0000  0.0000  0.0000  0.0000
  0.0000  0.0000  0.0000  0.0000  0.0000
  0.0000  0.0000  0.0000  0.0000  0.0000

102   2 2
spin component  1
  0.0000  0.0000  0.0000  0.0000  0.0000
  0.0000  0.0000  0.0000  0.0000  0.0000
  0.0000  0.0000  0.0000  0.0000  0.0000
  0.0000  0.0000  0.0000  0.0000  0.0000
  0.0000  0.0000  0.0000  0.0000  0.0000
spin component  2
  0.0000  0.0000  0.0000  0.0000  0.0000
  0.0000  0.0000  0.0000  0.0000  0.0000
  0.0000  0.0000  0.0000  0.0000  0.0000
  0.0000  0.0000  0.0000  0.0000  0.0000
  0.0000  0.0000  0.0000  0.0000  0.0000

103   2 2
spin component  1
  0.0000  0.0000  0.0000  0.0000  0.0000
  0.0000  0.0000  0.0000  0.0000  0.0000
  0.0000  0.0000  0.0000  0.0000  0.0000
  0.0000  0.0000  0.0000  0.0000  0.0000
  0.0000  0.0000  0.0000  0.0000  0.0000
spin component  2
  0.0000  0.0000  0.0000  0.0000  0.0000
  0.0000  0.0000  0.0000  0.0000  0.0000
  0.0000  0.0000  0.0000  0.0000  0.0000
  0.0000  0.0000  0.0000  0.0000  0.0000
  0.0000  0.0000  0.0000  0.0000  0.0000

104   2 2
spin component  1
  0.0000  0.0000  0.0000  0.0000  0.0000
  0.0000  0.0000  0.0000  0.0000  0.0000
  0.0000  0.0000  0.0000  0.0000  0.0000
  0.0000  0.0000  0.0000  0.0000  0.0000
  0.0000  0.0000  0.0000  0.0000  0.0000
spin component  2
  0.0000  0.0000  0.0000  0.0000  0.0000
  0.0000  0.0000  0.0000  0.0000  0.0000
  0.0000  0.0000  0.0000  0.0000  0.0000
  0.0000  0.0000  0.0000  0.0000  0.0000
  0.0000  0.0000  0.0000  0.0000  0.0000

105   2 2
spin component  1
  0.0000  0.0000  0.0000  0.0000  0.0000
  0.0000  0.0000  0.0000  0.0000  0.0000
  0.0000  0.0000  0.0000  0.0000  0.0000
  0.0000  0.0000  0.0000  0.0000  0.0000
  0.0000  0.0000  0.0000  0.0000  0.0000
spin component  2
  0.0000  0.0000  0.0000  0.0000  0.0000
  0.0000  0.0000  0.0000  0.0000  0.0000
  0.0000  0.0000  0.0000  0.0000  0.0000
  0.0000  0.0000  0.0000  0.0000  0.0000
  0.0000  0.0000  0.0000  0.0000  0.0000

106   2 2
spin component  1
  0.0000  0.0000  0.0000  0.0000  0.0000
  0.0000  0.0000  0.0000  0.0000  0.0000
  0.0000  0.0000  0.0000  0.0000  0.0000
  0.0000  0.0000  0.0000  0.0000  0.0000
  0.0000  0.0000  0.0000  0.0000  0.0000
spin component  2
  0.0000  0.0000  0.0000  0.0000  0.0000
  0.0000  0.0000  0.0000  0.0000  0.0000
  0.0000  0.0000  0.0000  0.0000  0.0000
  0.0000  0.0000  0.0000  0.0000  0.0000
  0.0000  0.0000  0.0000  0.0000  0.0000

107   2 2
spin component  1
  0.0000  0.0000  0.0000  0.0000  0.0000
  0.0000  0.0000  0.0000  0.0000  0.0000
  0.0000  0.0000  0.0000  0.0000  0.0000
  0.0000  0.0000  0.0000  0.0000  0.0000
  0.0000  0.0000  0.0000  0.0000  0.0000
spin component  2
  0.0000  0.0000  0.0000  0.0000  0.0000
  0.0000  0.0000  0.0000  0.0000  0.0000
  0.0000  0.0000  0.0000  0.0000  0.0000
  0.0000  0.0000  0.0000  0.0000  0.0000
  0.0000  0.0000  0.0000  0.0000  0.0000

108   2 2
spin component  1
  0.0000  0.0000  0.0000  0.0000  0.0000
  0.0000  0.0000  0.0000  0.0000  0.0000
  0.0000  0.0000  0.0000  0.0000  0.0000
  0.0000  0.0000  0.0000  0.0000  0.0000
  0.0000  0.0000  0.0000  0.0000  0.0000
spin component  2
  0.0000  0.0000  0.0000  0.0000  0.0000
  0.0000  0.0000  0.0000  0.0000  0.0000
  0.0000  0.0000  0.0000  0.0000  0.0000
  0.0000  0.0000  0.0000  0.0000  0.0000
  0.0000  0.0000  0.0000  0.0000  0.0000
