
1   2 2
spin component  1
  0.2203  0.0000  0.0000  0.0000  0.0000
  0.0000  0.2203  0.0000  0.0000  0.0000
  0.0000  0.0000  0.2203  0.0000 -0.0000
  0.0000  0.0000  0.0000  0.2203  0.0000
  0.0000  0.0000 -0.0000  0.0000  0.2203
spin component  2
  0.2203  0.0000  0.0000  0.0000  0.0000
  0.0000  0.2203  0.0000  0.0000  0.0000
  0.0000  0.0000  0.2203  0.0000 -0.0000
  0.0000  0.0000  0.0000  0.2203  0.0000
  0.0000  0.0000 -0.0000  0.0000  0.2203

2   2 2
spin component  1
  0.2203  0.0000  0.0000  0.0000  0.0000
  0.0000  0.2203  0.0000  0.0000  0.0000
  0.0000  0.0000  0.2203  0.0000 -0.0000
  0.0000  0.0000  0.0000  0.2203  0.0000
  0.0000  0.0000 -0.0000  0.0000  0.2203
spin component  2
  0.2203  0.0000  0.0000  0.0000  0.0000
  0.0000  0.2203  0.0000  0.0000  0.0000
  0.0000  0.0000  0.2203  0.0000 -0.0000
  0.0000  0.0000  0.0000  0.2203  0.0000
  0.0000  0.0000 -0.0000  0.0000  0.2203

3   2 2
spin component  1
  0.2203  0.0000  0.0000  0.0000  0.0000
  0.0000  0.2203  0.0000  0.0000  0.0000
  0.0000  0.0000  0.2203  0.0000 -0.0000
  0.0000  0.0000  0.0000  0.2203  0.0000
  0.0000  0.0000 -0.0000  0.0000  0.2203
spin component  2
  0.2203  0.0000  0.0000  0.0000  0.0000
  0.0000  0.2203  0.0000  0.0000  0.0000
  0.0000  0.0000  0.2203  0.0000 -0.0000
  0.0000  0.0000  0.0000  0.2203  0.0000
  0.0000  0.0000 -0.0000  0.0000  0.2203

4   2 2
spin component  1
  0.2203  0.0000  0.0000  0.0000  0.0000
  0.0000  0.2203  0.0000  0.0000  0.0000
  0.0000  0.0000  0.2203  0.0000 -0.0000
  0.0000  0.0000  0.0000  0.2203  0.0000
  0.0000  0.0000 -0.0000  0.0000  0.2203
spin component  2
  0.2203  0.0000  0.0000  0.0000  0.0000
  0.0000  0.2203  0.0000  0.0000  0.0000
  0.0000  0.0000  0.2203  0.0000 -0.0000
  0.0000  0.0000  0.0000  0.2203  0.0000
  0.0000  0.0000 -0.0000  0.0000  0.2203

5   2 2
spin component  1
  0.2203  0.0000  0.0000  0.0000  0.0000
  0.0000  0.2203  0.0000  0.0000  0.0000
  0.0000  0.0000  0.2203  0.0000 -0.0000
  0.0000  0.0000  0.0000  0.2203  0.0000
  0.0000  0.0000 -0.0000  0.0000  0.2203
spin component  2
  0.2203  0.0000  0.0000  0.0000  0.0000
  0.0000  0.2203  0.0000  0.0000  0.0000
  0.0000  0.0000  0.2203  0.0000 -0.0000
  0.0000  0.0000  0.0000  0.2203  0.0000
  0.0000  0.0000 -0.0000  0.0000  0.2203

6   2 2
spin component  1
  0.2203  0.0000  0.0000  0.0000  0.0000
  0.0000  0.2203  0.0000  0.0000  0.0000
  0.0000  0.0000  0.2203  0.0000 -0.0000
  0.0000  0.0000  0.0000  0.2203  0.0000
  0.0000  0.0000 -0.0000  0.0000  0.2203
spin component  2
  0.2203  0.0000  0.0000  0.0000  0.0000
  0.0000  0.2203  0.0000  0.0000  0.0000
  0.0000  0.0000  0.2203  0.0000 -0.0000
  0.0000  0.0000  0.0000  0.2203  0.0000
  0.0000  0.0000 -0.0000  0.0000  0.2203

7   2 2
spin component  1
  0.2203  0.0000  0.0000  0.0000  0.0000
  0.0000  0.2203  0.0000  0.0000  0.0000
  0.0000  0.0000  0.2203  0.0000 -0.0000
  0.0000  0.0000  0.0000  0.2203  0.0000
  0.0000  0.0000 -0.0000  0.0000  0.2203
spin component  2
  0.2203  0.0000  0.0000  0.0000  0.0000
  0.0000  0.2203  0.0000  0.0000  0.0000
  0.0000  0.0000  0.2203  0.0000 -0.0000
  0.0000  0.0000  0.0000  0.2203  0.0000
  0.0000  0.0000 -0.0000  0.0000  0.2203

8   2 2
spin component  1
  0.2203  0.0000  0.0000  0.0000  0.0000
  0.0000  0.2203  0.0000  0.0000  0.0000
  0.0000  0.0000  0.2203  0.0000 -0.0000
  0.0000  0.0000  0.0000  0.2203  0.0000
  0.0000  0.0000 -0.0000  0.0000  0.2203
spin component  2
  0.2203  0.0000  0.0000  0.0000  0.0000
  0.0000  0.2203  0.0000  0.0000  0.0000
  0.0000  0.0000  0.2203  0.0000 -0.0000
  0.0000  0.0000  0.0000  0.2203  0.0000
  0.0000  0.0000 -0.0000  0.0000  0.2203

9   2 2
spin component  1
  0.2203  0.0000  0.0000  0.0000  0.0000
  0.0000  0.2203  0.0000  0.0000  0.0000
  0.0000  0.0000  0.2203  0.0000 -0.0000
  0.0000  0.0000  0.0000  0.2203  0.0000
  0.0000  0.0000 -0.0000  0.0000  0.2203
spin component  2
  0.2203  0.0000  0.0000  0.0000  0.0000
  0.0000  0.2203  0.0000  0.0000  0.0000
  0.0000  0.0000  0.2203  0.0000 -0.0000
  0.0000  0.0000  0.0000  0.2203  0.0000
  0.0000  0.0000 -0.0000  0.0000  0.2203

10   2 2
spin component  1
  0.2203  0.0000  0.0000  0.0000  0.0000
  0.0000  0.2203  0.0000  0.0000  0.0000
  0.0000  0.0000  0.2203  0.0000 -0.0000
  0.0000  0.0000  0.0000  0.2203  0.0000
  0.0000  0.0000 -0.0000  0.0000  0.2203
spin component  2
  0.2203  0.0000  0.0000  0.0000  0.0000
  0.0000  0.2203  0.0000  0.0000  0.0000
  0.0000  0.0000  0.2203  0.0000 -0.0000
  0.0000  0.0000  0.0000  0.2203  0.0000
  0.0000  0.0000 -0.0000  0.0000  0.2203

11   2 2
spin component  1
  0.2203  0.0000  0.0000  0.0000  0.0000
  0.0000  0.2203  0.0000  0.0000  0.0000
  0.0000  0.0000  0.2203  0.0000 -0.0000
  0.0000  0.0000  0.0000  0.2203  0.0000
  0.0000  0.0000 -0.0000  0.0000  0.2203
spin component  2
  0.2203  0.0000  0.0000  0.0000  0.0000
  0.0000  0.2203  0.0000  0.0000  0.0000
  0.0000  0.0000  0.2203  0.0000 -0.0000
  0.0000  0.0000  0.0000  0.2203  0.0000
  0.0000  0.0000 -0.0000  0.0000  0.2203

12   2 2
spin component  1
  0.2203  0.0000  0.0000  0.0000  0.0000
  0.0000  0.2203  0.0000  0.0000  0.0000
  0.0000  0.0000  0.2203  0.0000 -0.0000
  0.0000  0.0000  0.0000  0.2203  0.0000
  0.0000  0.0000 -0.0000  0.0000  0.2203
spin component  2
  0.2203  0.0000  0.0000  0.0000  0.0000
  0.0000  0.2203  0.0000  0.0000  0.0000
  0.0000  0.0000  0.2203  0.0000 -0.0000
  0.0000  0.0000  0.0000  0.2203  0.0000
  0.0000  0.0000 -0.0000  0.0000  0.2203

13   2 2
spin component  1
  0.2203  0.0000  0.0000  0.0000  0.0000
  0.0000  0.2203  0.0000  0.0000  0.0000
  0.0000  0.0000  0.2203  0.0000 -0.0000
  0.0000  0.0000  0.0000  0.2203  0.0000
  0.0000  0.0000 -0.0000  0.0000  0.2203
spin component  2
  0.2203  0.0000  0.0000  0.0000  0.0000
  0.0000  0.2203  0.0000  0.0000  0.0000
  0.0000  0.0000  0.2203  0.0000 -0.0000
  0.0000  0.0000  0.0000  0.2203  0.0000
  0.0000  0.0000 -0.0000  0.0000  0.2203

14   2 2
spin component  1
  0.2203  0.0000  0.0000  0.0000  0.0000
  0.0000  0.2203  0.0000  0.0000  0.0000
  0.0000  0.0000  0.2203  0.0000 -0.0000
  0.0000  0.0000  0.0000  0.2203  0.0000
  0.0000  0.0000 -0.0000  0.0000  0.2203
spin component  2
  0.2203  0.0000  0.0000  0.0000  0.0000
  0.0000  0.2203  0.0000  0.0000  0.0000
  0.0000  0.0000  0.2203  0.0000 -0.0000
  0.0000  0.0000  0.0000  0.2203  0.0000
  0.0000  0.0000 -0.0000  0.0000  0.2203

15   2 2
spin component  1
  0.2203  0.0000  0.0000  0.0000  0.0000
  0.0000  0.2203  0.0000  0.0000  0.0000
  0.0000  0.0000  0.2203  0.0000 -0.0000
  0.0000  0.0000  0.0000  0.2203  0.0000
  0.0000  0.0000 -0.0000  0.0000  0.2203
spin component  2
  0.2203  0.0000  0.0000  0.0000  0.0000
  0.0000  0.2203  0.0000  0.0000  0.0000
  0.0000  0.0000  0.2203  0.0000 -0.0000
  0.0000  0.0000  0.0000  0.2203  0.0000
  0.0000  0.0000 -0.0000  0.0000  0.2203

16   2 2
spin component  1
  0.2203  0.0000  0.0000  0.0000  0.0000
  0.0000  0.2203  0.0000  0.0000  0.0000
  0.0000  0.0000  0.2203  0.0000 -0.0000
  0.0000  0.0000  0.0000  0.2203  0.0000
  0.0000  0.0000 -0.0000  0.0000  0.2203
spin component  2
  0.2203  0.0000  0.0000  0.0000  0.0000
  0.0000  0.2203  0.0000  0.0000  0.0000
  0.0000  0.0000  0.2203  0.0000 -0.0000
  0.0000  0.0000  0.0000  0.2203  0.0000
  0.0000  0.0000 -0.0000  0.0000  0.2203

17   2 2
spin component  1
  0.0000  0.0000  0.0000  0.0000  0.0000
  0.0000  0.0000  0.0000  0.0000  0.0000
  0.0000  0.0000  0.0000  0.0000  0.0000
  0.0000  0.0000  0.0000  1.0000  0.0000
  0.0000  0.0000  0.0000  0.0000  0.0000
spin component  2
  0.0000  0.0000  0.0000  0.0000  0.0000
  0.0000  0.0000  0.0000  0.0000  0.0000
  0.0000  0.0000  0.0000  0.0000  0.0000
  0.0000  0.0000  0.0000  0.0000  0.0000
  0.0000  0.0000  0.0000  0.0000  0.0000

18   2 2
spin component  1
  0.2203  0.0000  0.0000  0.0000  0.0000
  0.0000  0.2203  0.0000  0.0000  0.0000
  0.0000  0.0000  0.2203  0.0000 -0.0000
  0.0000  0.0000  0.0000  0.2203  0.0000
  0.0000  0.0000 -0.0000  0.0000  0.2203
spin component  2
  0.2203  0.0000  0.0000  0.0000  0.0000
  0.0000  0.2203  0.0000  0.0000  0.0000
  0.0000  0.0000  0.2203  0.0000 -0.0000
  0.0000  0.0000  0.0000  0.2203  0.0000
  0.0000  0.0000 -0.0000  0.0000  0.2203

19   2 2
spin component  1
  0.2203  0.0000  0.0000  0.0000  0.0000
  0.0000  0.2203  0.0000  0.0000  0.0000
  0.0000  0.0000  0.2203  0.0000 -0.0000
  0.0000  0.0000  0.0000  0.2203  0.0000
  0.0000  0.0000 -0.0000  0.0000  0.2203
spin component  2
  0.2203  0.0000  0.0000  0.0000  0.0000
  0.0000  0.2203  0.0000  0.0000  0.0000
  0.0000  0.0000  0.2203  0.0000 -0.0000
  0.0000  0.0000  0.0000  0.2203  0.0000
  0.0000  0.0000 -0.0000  0.0000  0.2203

20   2 2
spin component  1
  0.2203  0.0000  0.0000  0.0000  0.0000
  0.0000  0.2203  0.0000  0.0000  0.0000
  0.0000  0.0000  0.2203  0.0000 -0.0000
  0.0000  0.0000  0.0000  0.2203  0.0000
  0.0000  0.0000 -0.0000  0.0000  0.2203
spin component  2
  0.2203  0.0000  0.0000  0.0000  0.0000
  0.0000  0.2203  0.0000  0.0000  0.0000
  0.0000  0.0000  0.2203  0.0000 -0.0000
  0.0000  0.0000  0.0000  0.2203  0.0000
  0.0000  0.0000 -0.0000  0.0000  0.2203

21   2 2
spin component  1
  0.2203  0.0000  0.0000  0.0000  0.0000
  0.0000  0.2203  0.0000  0.0000  0.0000
  0.0000  0.0000  0.2203  0.0000 -0.0000
  0.0000  0.0000  0.0000  0.2203  0.0000
  0.0000  0.0000 -0.0000  0.0000  0.2203
spin component  2
  0.2203  0.0000  0.0000  0.0000  0.0000
  0.0000  0.2203  0.0000  0.0000  0.0000
  0.0000  0.0000  0.2203  0.0000 -0.0000
  0.0000  0.0000  0.0000  0.2203  0.0000
  0.0000  0.0000 -0.0000  0.0000  0.2203

22   2 2
spin component  1
  0.2203  0.0000  0.0000  0.0000  0.0000
  0.0000  0.2203  0.0000  0.0000  0.0000
  0.0000  0.0000  0.2203  0.0000 -0.0000
  0.0000  0.0000  0.0000  0.2203  0.0000
  0.0000  0.0000 -0.0000  0.0000  0.2203
spin component  2
  0.2203  0.0000  0.0000  0.0000  0.0000
  0.0000  0.2203  0.0000  0.0000  0.0000
  0.0000  0.0000  0.2203  0.0000 -0.0000
  0.0000  0.0000  0.0000  0.2203  0.0000
  0.0000  0.0000 -0.0000  0.0000  0.2203

23   2 2
spin component  1
  0.2203  0.0000  0.0000  0.0000  0.0000
  0.0000  0.2203  0.0000  0.0000  0.0000
  0.0000  0.0000  0.2203  0.0000 -0.0000
  0.0000  0.0000  0.0000  0.2203  0.0000
  0.0000  0.0000 -0.0000  0.0000  0.2203
spin component  2
  0.2203  0.0000  0.0000  0.0000  0.0000
  0.0000  0.2203  0.0000  0.0000  0.0000
  0.0000  0.0000  0.2203  0.0000 -0.0000
  0.0000  0.0000  0.0000  0.2203  0.0000
  0.0000  0.0000 -0.0000  0.0000  0.2203

24   2 2
spin component  1
  0.2203  0.0000  0.0000  0.0000  0.0000
  0.0000  0.2203  0.0000  0.0000  0.0000
  0.0000  0.0000  0.2203  0.0000 -0.0000
  0.0000  0.0000  0.0000  0.2203  0.0000
  0.0000  0.0000 -0.0000  0.0000  0.2203
spin component  2
  0.2203  0.0000  0.0000  0.0000  0.0000
  0.0000  0.2203  0.0000  0.0000  0.0000
  0.0000  0.0000  0.2203  0.0000 -0.0000
  0.0000  0.0000  0.0000  0.2203  0.0000
  0.0000  0.0000 -0.0000  0.0000  0.2203

25   2 2
spin component  1
  0.2203  0.0000  0.0000  0.0000  0.0000
  0.0000  0.2203  0.0000  0.0000  0.0000
  0.0000  0.0000  0.2203  0.0000 -0.0000
  0.0000  0.0000  0.0000  0.2203  0.0000
  0.0000  0.0000 -0.0000  0.0000  0.2203
spin component  2
  0.2203  0.0000  0.0000  0.0000  0.0000
  0.0000  0.2203  0.0000  0.0000  0.0000
  0.0000  0.0000  0.2203  0.0000 -0.0000
  0.0000  0.0000  0.0000  0.2203  0.0000
  0.0000  0.0000 -0.0000  0.0000  0.2203

26   2 2
spin component  1
  0.2203  0.0000  0.0000  0.0000  0.0000
  0.0000  0.2203  0.0000  0.0000  0.0000
  0.0000  0.0000  0.2203  0.0000 -0.0000
  0.0000  0.0000  0.0000  0.2203  0.0000
  0.0000  0.0000 -0.0000  0.0000  0.2203
spin component  2
  0.2203  0.0000  0.0000  0.0000  0.0000
  0.0000  0.2203  0.0000  0.0000  0.0000
  0.0000  0.0000  0.2203  0.0000 -0.0000
  0.0000  0.0000  0.0000  0.2203  0.0000
  0.0000  0.0000 -0.0000  0.0000  0.2203

27   2 2
spin component  1
  0.2203  0.0000  0.0000  0.0000  0.0000
  0.0000  0.2203  0.0000  0.0000  0.0000
  0.0000  0.0000  0.2203  0.0000 -0.0000
  0.0000  0.0000  0.0000  0.2203  0.0000
  0.0000  0.0000 -0.0000  0.0000  0.2203
spin component  2
  0.2203  0.0000  0.0000  0.0000  0.0000
  0.0000  0.2203  0.0000  0.0000  0.0000
  0.0000  0.0000  0.2203  0.0000 -0.0000
  0.0000  0.0000  0.0000  0.2203  0.0000
  0.0000  0.0000 -0.0000  0.0000  0.2203

28   2 2
spin component  1
  0.2203  0.0000  0.0000  0.0000  0.0000
  0.0000  0.2203  0.0000  0.0000  0.0000
  0.0000  0.0000  0.2203  0.0000 -0.0000
  0.0000  0.0000  0.0000  0.2203  0.0000
  0.0000  0.0000 -0.0000  0.0000  0.2203
spin component  2
  0.2203  0.0000  0.0000  0.0000  0.0000
  0.0000  0.2203  0.0000  0.0000  0.0000
  0.0000  0.0000  0.2203  0.0000 -0.0000
  0.0000  0.0000  0.0000  0.2203  0.0000
  0.0000  0.0000 -0.0000  0.0000  0.2203

29   2 2
spin component  1
  0.2203  0.0000  0.0000  0.0000  0.0000
  0.0000  0.2203  0.0000  0.0000  0.0000
  0.0000  0.0000  0.2203  0.0000 -0.0000
  0.0000  0.0000  0.0000  0.2203  0.0000
  0.0000  0.0000 -0.0000  0.0000  0.2203
spin component  2
  0.2203  0.0000  0.0000  0.0000  0.0000
  0.0000  0.2203  0.0000  0.0000  0.0000
  0.0000  0.0000  0.2203  0.0000 -0.0000
  0.0000  0.0000  0.0000  0.2203  0.0000
  0.0000  0.0000 -0.0000  0.0000  0.2203

30   2 2
spin component  1
  0.2203  0.0000  0.0000  0.0000  0.0000
  0.0000  0.2203  0.0000  0.0000  0.0000
  0.0000  0.0000  0.2203  0.0000 -0.0000
  0.0000  0.0000  0.0000  0.2203  0.0000
  0.0000  0.0000 -0.0000  0.0000  0.2203
spin component  2
  0.2203  0.0000  0.0000  0.0000  0.0000
  0.0000  0.2203  0.0000  0.0000  0.0000
  0.0000  0.0000  0.2203  0.0000 -0.0000
  0.0000  0.0000  0.0000  0.2203  0.0000
  0.0000  0.0000 -0.0000  0.0000  0.2203

31   2 2
spin component  1
  0.2203  0.0000  0.0000  0.0000  0.0000
  0.0000  0.2203  0.0000  0.0000  0.0000
  0.0000  0.0000  0.2203  0.0000 -0.0000
  0.0000  0.0000  0.0000  0.2203  0.0000
  0.0000  0.0000 -0.0000  0.0000  0.2203
spin component  2
  0.2203  0.0000  0.0000  0.0000  0.0000
  0.0000  0.2203  0.0000  0.0000  0.0000
  0.0000  0.0000  0.2203  0.0000 -0.0000
  0.0000  0.0000  0.0000  0.2203  0.0000
  0.0000  0.0000 -0.0000  0.0000  0.2203

32   2 2
spin component  1
  0.2203  0.0000  0.0000  0.0000  0.0000
  0.0000  0.2203  0.0000  0.0000  0.0000
  0.0000  0.0000  0.2203  0.0000 -0.0000
  0.0000  0.0000  0.0000  0.2203  0.0000
  0.0000  0.0000 -0.0000  0.0000  0.2203
spin component  2
  0.2203  0.0000  0.0000  0.0000  0.0000
  0.0000  0.2203  0.0000  0.0000  0.0000
  0.0000  0.0000  0.2203  0.0000 -0.0000
  0.0000  0.0000  0.0000  0.2203  0.0000
  0.0000  0.0000 -0.0000  0.0000  0.2203

33   2 2
spin component  1
  0.2203  0.0000  0.0000  0.0000  0.0000
  0.0000  0.2203  0.0000  0.0000  0.0000
  0.0000  0.0000  0.2203  0.0000 -0.0000
  0.0000  0.0000  0.0000  0.2203  0.0000
  0.0000  0.0000 -0.0000  0.0000  0.2203
spin component  2
  0.2203  0.0000  0.0000  0.0000  0.0000
  0.0000  0.2203  0.0000  0.0000  0.0000
  0.0000  0.0000  0.2203  0.0000 -0.0000
  0.0000  0.0000  0.0000  0.2203  0.0000
  0.0000  0.0000 -0.0000  0.0000  0.2203

34   2 2
spin component  1
  0.2203  0.0000  0.0000  0.0000  0.0000
  0.0000  0.2203  0.0000  0.0000  0.0000
  0.0000  0.0000  0.2203  0.0000 -0.0000
  0.0000  0.0000  0.0000  0.2203  0.0000
  0.0000  0.0000 -0.0000  0.0000  0.2203
spin component  2
  0.2203  0.0000  0.0000  0.0000  0.0000
  0.0000  0.2203  0.0000  0.0000  0.0000
  0.0000  0.0000  0.2203  0.0000 -0.0000
  0.0000  0.0000  0.0000  0.2203  0.0000
  0.0000  0.0000 -0.0000  0.0000  0.2203

35   2 2
spin component  1
  0.2203  0.0000  0.0000  0.0000  0.0000
  0.0000  0.2203  0.0000  0.0000  0.0000
  0.0000  0.0000  0.2203  0.0000 -0.0000
  0.0000  0.0000  0.0000  0.2203  0.0000
  0.0000  0.0000 -0.0000  0.0000  0.2203
spin component  2
  0.2203  0.0000  0.0000  0.0000  0.0000
  0.0000  0.2203  0.0000  0.0000  0.0000
  0.0000  0.0000  0.2203  0.0000 -0.0000
  0.0000  0.0000  0.0000  0.2203  0.0000
  0.0000  0.0000 -0.0000  0.0000  0.2203

36   2 2
spin component  1
  0.2203  0.0000  0.0000  0.0000  0.0000
  0.0000  0.2203  0.0000  0.0000  0.0000
  0.0000  0.0000  0.2203  0.0000 -0.0000
  0.0000  0.0000  0.0000  0.2203  0.0000
  0.0000  0.0000 -0.0000  0.0000  0.2203
spin component  2
  0.2203  0.0000  0.0000  0.0000  0.0000
  0.0000  0.2203  0.0000  0.0000  0.0000
  0.0000  0.0000  0.2203  0.0000 -0.0000
  0.0000  0.0000  0.0000  0.2203  0.0000
  0.0000  0.0000 -0.0000  0.0000  0.2203

37   2 2
spin component  1
  0.0000  0.0000  0.0000  0.0000  0.0000
  0.0000  0.0000  0.0000  0.0000  0.0000
  0.0000  0.0000  0.0000  0.0000  0.0000
  0.0000  0.0000  0.0000  0.0000  0.0000
  0.0000  0.0000  0.0000  0.0000  0.0000
spin component  2
  0.0000  0.0000  0.0000  0.0000  0.0000
  0.0000  0.0000  0.0000  0.0000  0.0000
  0.0000  0.0000  0.0000  0.0000  0.0000
  0.0000  0.0000  0.0000  0.0000  0.0000
  0.0000  0.0000  0.0000  0.0000  0.0000

38   2 2
spin component  1
  0.0000  0.0000  0.0000  0.0000  0.0000
  0.0000  0.0000  0.0000  0.0000  0.0000
  0.0000  0.0000  0.0000  0.0000  0.0000
  0.0000  0.0000  0.0000  0.0000  0.0000
  0.0000  0.0000  0.0000  0.0000  0.0000
spin component  2
  0.0000  0.0000  0.0000  0.0000  0.0000
  0.0000  0.0000  0.0000  0.0000  0.0000
  0.0000  0.0000  0.0000  0.0000  0.0000
  0.0000  0.0000  0.0000  0.0000  0.0000
  0.0000  0.0000  0.0000  0.0000  0.0000

39   2 2
spin component  1
  0.0000  0.0000  0.0000  0.0000  0.0000
  0.0000  0.0000  0.0000  0.0000  0.0000
  0.0000  0.0000  0.0000  0.0000  0.0000
  0.0000  0.0000  0.0000  0.0000  0.0000
  0.0000  0.0000  0.0000  0.0000  0.0000
spin component  2
  0.0000  0.0000  0.0000  0.0000  0.0000
  0.0000  0.0000  0.0000  0.0000  0.0000
  0.0000  0.0000  0.0000  0.0000  0.0000
  0.0000  0.0000  0.0000  0.0000  0.0000
  0.0000  0.0000  0.0000  0.0000  0.0000

40   2 2
spin component  1
  0.0000  0.0000  0.0000  0.0000  0.0000
  0.0000  0.0000  0.0000  0.0000  0.0000
  0.0000  0.0000  0.0000  0.0000  0.0000
  0.0000  0.0000  0.0000  0.0000  0.0000
  0.0000  0.0000  0.0000  0.0000  0.0000
spin component  2
  0.0000  0.0000  0.0000  0.0000  0.0000
  0.0000  0.0000  0.0000  0.0000  0.0000
  0.0000  0.0000  0.0000  0.0000  0.0000
  0.0000  0.0000  0.0000  0.0000  0.0000
  0.0000  0.0000  0.0000  0.0000  0.0000

41   2 2
spin component  1
  0.0000  0.0000  0.0000  0.0000  0.0000
  0.0000  0.0000  0.0000  0.0000  0.0000
  0.0000  0.0000  0.0000  0.0000  0.0000
  0.0000  0.0000  0.0000  0.0000  0.0000
  0.0000  0.0000  0.0000  0.0000  0.0000
spin component  2
  0.0000  0.0000  0.0000  0.0000  0.0000
  0.0000  0.0000  0.0000  0.0000  0.0000
  0.0000  0.0000  0.0000  0.0000  0.0000
  0.0000  0.0000  0.0000  0.0000  0.0000
  0.0000  0.0000  0.0000  0.0000  0.0000

42   2 2
spin component  1
  0.0000  0.0000  0.0000  0.0000  0.0000
  0.0000  0.0000  0.0000  0.0000  0.0000
  0.0000  0.0000  0.0000  0.0000  0.0000
  0.0000  0.0000  0.0000  0.0000  0.0000
  0.0000  0.0000  0.0000  0.0000  0.0000
spin component  2
  0.0000  0.0000  0.0000  0.0000  0.0000
  0.0000  0.0000  0.0000  0.0000  0.0000
  0.0000  0.0000  0.0000  0.0000  0.0000
  0.0000  0.0000  0.0000  0.0000  0.0000
  0.0000  0.0000  0.0000  0.0000  0.0000

43   2 2
spin component  1
  0.0000  0.0000  0.0000  0.0000  0.0000
  0.0000  0.0000  0.0000  0.0000  0.0000
  0.0000  0.0000  0.0000  0.0000  0.0000
  0.0000  0.0000  0.0000  0.0000  0.0000
  0.0000  0.0000  0.0000  0.0000  0.0000
spin component  2
  0.0000  0.0000  0.0000  0.0000  0.0000
  0.0000  0.0000  0.0000  0.0000  0.0000
  0.0000  0.0000  0.0000  0.0000  0.0000
  0.0000  0.0000  0.0000  0.0000  0.0000
  0.0000  0.0000  0.0000  0.0000  0.0000

44   2 2
spin component  1
  0.0000  0.0000  0.0000  0.0000  0.0000
  0.0000  0.0000  0.0000  0.0000  0.0000
  0.0000  0.0000  0.0000  0.0000  0.0000
  0.0000  0.0000  0.0000  0.0000  0.0000
  0.0000  0.0000  0.0000  0.0000  0.0000
spin component  2
  0.0000  0.0000  0.0000  0.0000  0.0000
  0.0000  0.0000  0.0000  0.0000  0.0000
  0.0000  0.0000  0.0000  0.0000  0.0000
  0.0000  0.0000  0.0000  0.0000  0.0000
  0.0000  0.0000  0.0000  0.0000  0.0000

45   2 2
spin component  1
  0.0000  0.0000  0.0000  0.0000  0.0000
  0.0000  0.0000  0.0000  0.0000  0.0000
  0.0000  0.0000  0.0000  0.0000  0.0000
  0.0000  0.0000  0.0000  0.0000  0.0000
  0.0000  0.0000  0.0000  0.0000  0.0000
spin component  2
  0.0000  0.0000  0.0000  0.0000  0.0000
  0.0000  0.0000  0.0000  0.0000  0.0000
  0.0000  0.0000  0.0000  0.0000  0.0000
  0.0000  0.0000  0.0000  0.0000  0.0000
  0.0000  0.0000  0.0000  0.0000  0.0000

46   2 2
spin component  1
  0.0000  0.0000  0.0000  0.0000  0.0000
  0.0000  0.0000  0.0000  0.0000  0.0000
  0.0000  0.0000  0.0000  0.0000  0.0000
  0.0000  0.0000  0.0000  0.0000  0.0000
  0.0000  0.0000  0.0000  0.0000  0.0000
spin component  2
  0.0000  0.0000  0.0000  0.0000  0.0000
  0.0000  0.0000  0.0000  0.0000  0.0000
  0.0000  0.0000  0.0000  0.0000  0.0000
  0.0000  0.0000  0.0000  0.0000  0.0000
  0.0000  0.0000  0.0000  0.0000  0.0000

47   2 2
spin component  1
  0.0000  0.0000  0.0000  0.0000  0.0000
  0.0000  0.0000  0.0000  0.0000  0.0000
  0.0000  0.0000  0.0000  0.0000  0.0000
  0.0000  0.0000  0.0000  0.0000  0.0000
  0.0000  0.0000  0.0000  0.0000  0.0000
spin component  2
  0.0000  0.0000  0.0000  0.0000  0.0000
  0.0000  0.0000  0.0000  0.0000  0.0000
  0.0000  0.0000  0.0000  0.0000  0.0000
  0.0000  0.0000  0.0000  0.0000  0.0000
  0.0000  0.0000  0.0000  0.0000  0.0000

48   2 2
spin component  1
  0.0000  0.0000  0.0000  0.0000  0.0000
  0.0000  0.0000  0.0000  0.0000  0.0000
  0.0000  0.0000  0.0000  0.0000  0.0000
  0.0000  0.0000  0.0000  0.0000  0.0000
  0.0000  0.0000  0.0000  0.0000  0.0000
spin component  2
  0.0000  0.0000  0.0000  0.0000  0.0000
  0.0000  0.0000  0.0000  0.0000  0.0000
  0.0000  0.0000  0.0000  0.0000  0.0000
  0.0000  0.0000  0.0000  0.0000  0.0000
  0.0000  0.0000  0.0000  0.0000  0.0000

49   2 2
spin component  1
  0.0000  0.0000  0.0000  0.0000  0.0000
  0.0000  0.0000  0.0000  0.0000  0.0000
  0.0000  0.0000  0.0000  0.0000  0.0000
  0.0000  0.0000  0.0000  0.0000  0.0000
  0.0000  0.0000  0.0000  0.0000  0.0000
spin component  2
  0.0000  0.0000  0.0000  0.0000  0.0000
  0.0000  0.0000  0.0000  0.0000  0.0000
  0.0000  0.0000  0.0000  0.0000  0.0000
  0.0000  0.0000  0.0000  0.0000  0.0000
  0.0000  0.0000  0.0000  0.0000  0.0000

50   2 2
spin component  1
  0.0000  0.0000  0.0000  0.0000  0.0000
  0.0000  0.0000  0.0000  0.0000  0.0000
  0.0000  0.0000  0.0000  0.0000  0.0000
  0.0000  0.0000  0.0000  0.0000  0.0000
  0.0000  0.0000  0.0000  0.0000  0.0000
spin component  2
  0.0000  0.0000  0.0000  0.0000  0.0000
  0.0000  0.0000  0.0000  0.0000  0.0000
  0.0000  0.0000  0.0000  0.0000  0.0000
  0.0000  0.0000  0.0000  0.0000  0.0000
  0.0000  0.0000  0.0000  0.0000  0.0000

51   2 2
spin component  1
  0.0000  0.0000  0.0000  0.0000  0.0000
  0.0000  0.0000  0.0000  0.0000  0.0000
  0.0000  0.0000  0.0000  0.0000  0.0000
  0.0000  0.0000  0.0000  0.0000  0.0000
  0.0000  0.0000  0.0000  0.0000  0.0000
spin component  2
  0.0000  0.0000  0.0000  0.0000  0.0000
  0.0000  0.0000  0.0000  0.0000  0.0000
  0.0000  0.0000  0.0000  0.0000  0.0000
  0.0000  0.0000  0.0000  0.0000  0.0000
  0.0000  0.0000  0.0000  0.0000  0.0000

52   2 2
spin component  1
  0.0000  0.0000  0.0000  0.0000  0.0000
  0.0000  0.0000  0.0000  0.0000  0.0000
  0.0000  0.0000  0.0000  0.0000  0.0000
  0.0000  0.0000  0.0000  0.0000  0.0000
  0.0000  0.0000  0.0000  0.0000  0.0000
spin component  2
  0.0000  0.0000  0.0000  0.0000  0.0000
  0.0000  0.0000  0.0000  0.0000  0.0000
  0.0000  0.0000  0.0000  0.0000  0.0000
  0.0000  0.0000  0.0000  0.0000  0.0000
  0.0000  0.0000  0.0000  0.0000  0.0000

53   2 2
spin component  1
  0.0000  0.0000  0.0000  0.0000  0.0000
  0.0000  0.0000  0.0000  0.0000  0.0000
  0.0000  0.0000  0.0000  0.0000  0.0000
  0.0000  0.0000  0.0000  0.0000  0.0000
  0.0000  0.0000  0.0000  0.0000  0.0000
spin component  2
  0.0000  0.0000  0.0000  0.0000  0.0000
  0.0000  0.0000  0.0000  0.0000  0.0000
  0.0000  0.0000  0.0000  0.0000  0.0000
  0.0000  0.0000  0.0000  0.0000  0.0000
  0.0000  0.0000  0.0000  0.0000  0.0000

54   2 2
spin component  1
  0.0000  0.0000  0.0000  0.0000  0.0000
  0.0000  0.0000  0.0000  0.0000  0.0000
  0.0000  0.0000  0.0000  0.0000  0.0000
  0.0000  0.0000  0.0000  0.0000  0.0000
  0.0000  0.0000  0.0000  0.0000  0.0000
spin component  2
  0.0000  0.0000  0.0000  0.0000  0.0000
  0.0000  0.0000  0.0000  0.0000  0.0000
  0.0000  0.0000  0.0000  0.0000  0.0000
  0.0000  0.0000  0.0000  0.0000  0.0000
  0.0000  0.0000  0.0000  0.0000  0.0000

55   2 2
spin component  1
  0.0000  0.0000  0.0000  0.0000  0.0000
  0.0000  0.0000  0.0000  0.0000  0.0000
  0.0000  0.0000  0.0000  0.0000  0.0000
  0.0000  0.0000  0.0000  0.0000  0.0000
  0.0000  0.0000  0.0000  0.0000  0.0000
spin component  2
  0.0000  0.0000  0.0000  0.0000  0.0000
  0.0000  0.0000  0.0000  0.0000  0.0000
  0.0000  0.0000  0.0000  0.0000  0.0000
  0.0000  0.0000  0.0000  0.0000  0.0000
  0.0000  0.0000  0.0000  0.0000  0.0000

56   2 2
spin component  1
  0.0000  0.0000  0.0000  0.0000  0.0000
  0.0000  0.0000  0.0000  0.0000  0.0000
  0.0000  0.0000  0.0000  0.0000  0.0000
  0.0000  0.0000  0.0000  0.0000  0.0000
  0.0000  0.0000  0.0000  0.0000  0.0000
spin component  2
  0.0000  0.0000  0.0000  0.0000  0.0000
  0.0000  0.0000  0.0000  0.0000  0.0000
  0.0000  0.0000  0.0000  0.0000  0.0000
  0.0000  0.0000  0.0000  0.0000  0.0000
  0.0000  0.0000  0.0000  0.0000  0.0000

57   2 2
spin component  1
  0.0000  0.0000  0.0000  0.0000  0.0000
  0.0000  0.0000  0.0000  0.0000  0.0000
  0.0000  0.0000  0.0000  0.0000  0.0000
  0.0000  0.0000  0.0000  0.0000  0.0000
  0.0000  0.0000  0.0000  0.0000  0.0000
spin component  2
  0.0000  0.0000  0.0000  0.0000  0.0000
  0.0000  0.0000  0.0000  0.0000  0.0000
  0.0000  0.0000  0.0000  0.0000  0.0000
  0.0000  0.0000  0.0000  0.0000  0.0000
  0.0000  0.0000  0.0000  0.0000  0.0000

58   2 2
spin component  1
  0.0000  0.0000  0.0000  0.0000  0.0000
  0.0000  0.0000  0.0000  0.0000  0.0000
  0.0000  0.0000  0.0000  0.0000  0.0000
  0.0000  0.0000  0.0000  0.0000  0.0000
  0.0000  0.0000  0.0000  0.0000  0.0000
spin component  2
  0.0000  0.0000  0.0000  0.0000  0.0000
  0.0000  0.0000  0.0000  0.0000  0.0000
  0.0000  0.0000  0.0000  0.0000  0.0000
  0.0000  0.0000  0.0000  0.0000  0.0000
  0.0000  0.0000  0.0000  0.0000  0.0000

59   2 2
spin component  1
  0.0000  0.0000  0.0000  0.0000  0.0000
  0.0000  0.0000  0.0000  0.0000  0.0000
  0.0000  0.0000  0.0000  0.0000  0.0000
  0.0000  0.0000  0.0000  0.0000  0.0000
  0.0000  0.0000  0.0000  0.0000  0.0000
spin component  2
  0.0000  0.0000  0.0000  0.0000  0.0000
  0.0000  0.0000  0.0000  0.0000  0.0000
  0.0000  0.0000  0.0000  0.0000  0.0000
  0.0000  0.0000  0.0000  0.0000  0.0000
  0.0000  0.0000  0.0000  0.0000  0.0000

60   2 2
spin component  1
  0.0000  0.0000  0.0000  0.0000  0.0000
  0.0000  0.0000  0.0000  0.0000  0.0000
  0.0000  0.0000  0.0000  0.0000  0.0000
  0.0000  0.0000  0.0000  0.0000  0.0000
  0.0000  0.0000  0.0000  0.0000  0.0000
spin component  2
  0.0000  0.0000  0.0000  0.0000  0.0000
  0.0000  0.0000  0.0000  0.0000  0.0000
  0.0000  0.0000  0.0000  0.0000  0.0000
  0.0000  0.0000  0.0000  0.0000  0.0000
  0.0000  0.0000  0.0000  0.0000  0.0000

61   2 2
spin component  1
  0.0000  0.0000  0.0000  0.0000  0.0000
  0.0000  0.0000  0.0000  0.0000  0.0000
  0.0000  0.0000  0.0000  0.0000  0.0000
  0.0000  0.0000  0.0000  0.0000  0.0000
  0.0000  0.0000  0.0000  0.0000  0.0000
spin component  2
  0.0000  0.0000  0.0000  0.0000  0.0000
  0.0000  0.0000  0.0000  0.0000  0.0000
  0.0000  0.0000  0.0000  0.0000  0.0000
  0.0000  0.0000  0.0000  0.0000  0.0000
  0.0000  0.0000  0.0000  0.0000  0.0000

62   2 2
spin component  1
  0.0000  0.0000  0.0000  0.0000  0.0000
  0.0000  0.0000  0.0000  0.0000  0.0000
  0.0000  0.0000  0.0000  0.0000  0.0000
  0.0000  0.0000  0.0000  0.0000  0.0000
  0.0000  0.0000  0.0000  0.0000  0.0000
spin component  2
  0.0000  0.0000  0.0000  0.0000  0.0000
  0.0000  0.0000  0.0000  0.0000  0.0000
  0.0000  0.0000  0.0000  0.0000  0.0000
  0.0000  0.0000  0.0000  0.0000  0.0000
  0.0000  0.0000  0.0000  0.0000  0.0000

63   2 2
spin component  1
  0.0000  0.0000  0.0000  0.0000  0.0000
  0.0000  0.0000  0.0000  0.0000  0.0000
  0.0000  0.0000  0.0000  0.0000  0.0000
  0.0000  0.0000  0.0000  0.0000  0.0000
  0.0000  0.0000  0.0000  0.0000  0.0000
spin component  2
  0.0000  0.0000  0.0000  0.0000  0.0000
  0.0000  0.0000  0.0000  0.0000  0.0000
  0.0000  0.0000  0.0000  0.0000  0.0000
  0.0000  0.0000  0.0000  0.0000  0.0000
  0.0000  0.0000  0.0000  0.0000  0.0000

64   2 2
spin component  1
  0.0000  0.0000  0.0000  0.0000  0.0000
  0.0000  0.0000  0.0000  0.0000  0.0000
  0.0000  0.0000  0.0000  0.0000  0.0000
  0.0000  0.0000  0.0000  0.0000  0.0000
  0.0000  0.0000  0.0000  0.0000  0.0000
spin component  2
  0.0000  0.0000  0.0000  0.0000  0.0000
  0.0000  0.0000  0.0000  0.0000  0.0000
  0.0000  0.0000  0.0000  0.0000  0.0000
  0.0000  0.0000  0.0000  0.0000  0.0000
  0.0000  0.0000  0.0000  0.0000  0.0000

65   2 2
spin component  1
  0.0000  0.0000  0.0000  0.0000  0.0000
  0.0000  0.0000  0.0000  0.0000  0.0000
  0.0000  0.0000  0.0000  0.0000  0.0000
  0.0000  0.0000  0.0000  0.0000  0.0000
  0.0000  0.0000  0.0000  0.0000  0.0000
spin component  2
  0.0000  0.0000  0.0000  0.0000  0.0000
  0.0000  0.0000  0.0000  0.0000  0.0000
  0.0000  0.0000  0.0000  0.0000  0.0000
  0.0000  0.0000  0.0000  0.0000  0.0000
  0.0000  0.0000  0.0000  0.0000  0.0000

66   2 2
spin component  1
  0.0000  0.0000  0.0000  0.0000  0.0000
  0.0000  0.0000  0.0000  0.0000  0.0000
  0.0000  0.0000  0.0000  0.0000  0.0000
  0.0000  0.0000  0.0000  0.0000  0.0000
  0.0000  0.0000  0.0000  0.0000  0.0000
spin component  2
  0.0000  0.0000  0.0000  0.0000  0.0000
  0.0000  0.0000  0.0000  0.0000  0.0000
  0.0000  0.0000  0.0000  0.0000  0.0000
  0.0000  0.0000  0.0000  0.0000  0.0000
  0.0000  0.0000  0.0000  0.0000  0.0000

67   2 2
spin component  1
  0.0000  0.0000  0.0000  0.0000  0.0000
  0.0000  0.0000  0.0000  0.0000  0.0000
  0.0000  0.0000  0.0000  0.0000  0.0000
  0.0000  0.0000  0.0000  0.0000  0.0000
  0.0000  0.0000  0.0000  0.0000  0.0000
spin component  2
  0.0000  0.0000  0.0000  0.0000  0.0000
  0.0000  0.0000  0.0000  0.0000  0.0000
  0.0000  0.0000  0.0000  0.0000  0.0000
  0.0000  0.0000  0.0000  0.0000  0.0000
  0.0000  0.0000  0.0000  0.0000  0.0000

68   2 2
spin component  1
  0.0000  0.0000  0.0000  0.0000  0.0000
  0.0000  0.0000  0.0000  0.0000  0.0000
  0.0000  0.0000  0.0000  0.0000  0.0000
  0.0000  0.0000  0.0000  0.0000  0.0000
  0.0000  0.0000  0.0000  0.0000  0.0000
spin component  2
  0.0000  0.0000  0.0000  0.0000  0.0000
  0.0000  0.0000  0.0000  0.0000  0.0000
  0.0000  0.0000  0.0000  0.0000  0.0000
  0.0000  0.0000  0.0000  0.0000  0.0000
  0.0000  0.0000  0.0000  0.0000  0.0000

69   2 2
spin component  1
  0.0000  0.0000  0.0000  0.0000  0.0000
  0.0000  0.0000  0.0000  0.0000  0.0000
  0.0000  0.0000  0.0000  0.0000  0.0000
  0.0000  0.0000  0.0000  0.0000  0.0000
  0.0000  0.0000  0.0000  0.0000  0.0000
spin component  2
  0.0000  0.0000  0.0000  0.0000  0.0000
  0.0000  0.0000  0.0000  0.0000  0.0000
  0.0000  0.0000  0.0000  0.0000  0.0000
  0.0000  0.0000  0.0000  0.0000  0.0000
  0.0000  0.0000  0.0000  0.0000  0.0000

70   2 2
spin component  1
  0.0000  0.0000  0.0000  0.0000  0.0000
  0.0000  0.0000  0.0000  0.0000  0.0000
  0.0000  0.0000  0.0000  0.0000  0.0000
  0.0000  0.0000  0.0000  0.0000  0.0000
  0.0000  0.0000  0.0000  0.0000  0.0000
spin component  2
  0.0000  0.0000  0.0000  0.0000  0.0000
  0.0000  0.0000  0.0000  0.0000  0.0000
  0.0000  0.0000  0.0000  0.0000  0.0000
  0.0000  0.0000  0.0000  0.0000  0.0000
  0.0000  0.0000  0.0000  0.0000  0.0000

71   2 2
spin component  1
  0.0000  0.0000  0.0000  0.0000  0.0000
  0.0000  0.0000  0.0000  0.0000  0.0000
  0.0000  0.0000  0.0000  0.0000  0.0000
  0.0000  0.0000  0.0000  0.0000  0.0000
  0.0000  0.0000  0.0000  0.0000  0.0000
spin component  2
  0.0000  0.0000  0.0000  0.0000  0.0000
  0.0000  0.0000  0.0000  0.0000  0.0000
  0.0000  0.0000  0.0000  0.0000  0.0000
  0.0000  0.0000  0.0000  0.0000  0.0000
  0.0000  0.0000  0.0000  0.0000  0.0000

72   2 2
spin component  1
  0.0000  0.0000  0.0000  0.0000  0.0000
  0.0000  0.0000  0.0000  0.0000  0.0000
  0.0000  0.0000  0.0000  0.0000  0.0000
  0.0000  0.0000  0.0000  0.0000  0.0000
  0.0000  0.0000  0.0000  0.0000  0.0000
spin component  2
  0.0000  0.0000  0.0000  0.0000  0.0000
  0.0000  0.0000  0.0000  0.0000  0.0000
  0.0000  0.0000  0.0000  0.0000  0.0000
  0.0000  0.0000  0.0000  0.0000  0.0000
  0.0000  0.0000  0.0000  0.0000  0.0000

73   2 2
spin component  1
  0.0000  0.0000  0.0000  0.0000  0.0000
  0.0000  0.0000  0.0000  0.0000  0.0000
  0.0000  0.0000  0.0000  0.0000  0.0000
  0.0000  0.0000  0.0000  0.0000  0.0000
  0.0000  0.0000  0.0000  0.0000  0.0000
spin component  2
  0.0000  0.0000  0.0000  0.0000  0.0000
  0.0000  0.0000  0.0000  0.0000  0.0000
  0.0000  0.0000  0.0000  0.0000  0.0000
  0.0000  0.0000  0.0000  0.0000  0.0000
  0.0000  0.0000  0.0000  0.0000  0.0000

74   2 2
spin component  1
  0.0000  0.0000  0.0000  0.0000  0.0000
  0.0000  0.0000  0.0000  0.0000  0.0000
  0.0000  0.0000  0.0000  0.0000  0.0000
  0.0000  0.0000  0.0000  0.0000  0.0000
  0.0000  0.0000  0.0000  0.0000  0.0000
spin component  2
  0.0000  0.0000  0.0000  0.0000  0.0000
  0.0000  0.0000  0.0000  0.0000  0.0000
  0.0000  0.0000  0.0000  0.0000  0.0000
  0.0000  0.0000  0.0000  0.0000  0.0000
  0.0000  0.0000  0.0000  0.0000  0.0000

75   2 2
spin component  1
  0.0000  0.0000  0.0000  0.0000  0.0000
  0.0000  0.0000  0.0000  0.0000  0.0000
  0.0000  0.0000  0.0000  0.0000  0.0000
  0.0000  0.0000  0.0000  0.0000  0.0000
  0.0000  0.0000  0.0000  0.0000  0.0000
spin component  2
  0.0000  0.0000  0.0000  0.0000  0.0000
  0.0000  0.0000  0.0000  0.0000  0.0000
  0.0000  0.0000  0.0000  0.0000  0.0000
  0.0000  0.0000  0.0000  0.0000  0.0000
  0.0000  0.0000  0.0000  0.0000  0.0000

76   2 2
spin component  1
  0.0000  0.0000  0.0000  0.0000  0.0000
  0.0000  0.0000  0.0000  0.0000  0.0000
  0.0000  0.0000  0.0000  0.0000  0.0000
  0.0000  0.0000  0.0000  0.0000  0.0000
  0.0000  0.0000  0.0000  0.0000  0.0000
spin component  2
  0.0000  0.0000  0.0000  0.0000  0.0000
  0.0000  0.0000  0.0000  0.0000  0.0000
  0.0000  0.0000  0.0000  0.0000  0.0000
  0.0000  0.0000  0.0000  0.0000  0.0000
  0.0000  0.0000  0.0000  0.0000  0.0000

77   2 2
spin component  1
  0.0000  0.0000  0.0000  0.0000  0.0000
  0.0000  0.0000  0.0000  0.0000  0.0000
  0.0000  0.0000  0.0000  0.0000  0.0000
  0.0000  0.0000  0.0000  0.0000  0.0000
  0.0000  0.0000  0.0000  0.0000  0.0000
spin component  2
  0.0000  0.0000  0.0000  0.0000  0.0000
  0.0000  0.0000  0.0000  0.0000  0.0000
  0.0000  0.0000  0.0000  0.0000  0.0000
  0.0000  0.0000  0.0000  0.0000  0.0000
  0.0000  0.0000  0.0000  0.0000  0.0000

78   2 2
spin component  1
  0.0000  0.0000  0.0000  0.0000  0.0000
  0.0000  0.0000  0.0000  0.0000  0.0000
  0.0000  0.0000  0.0000  0.0000  0.0000
  0.0000  0.0000  0.0000  0.0000  0.0000
  0.0000  0.0000  0.0000  0.0000  0.0000
spin component  2
  0.0000  0.0000  0.0000  0.0000  0.0000
  0.0000  0.0000  0.0000  0.0000  0.0000
  0.0000  0.0000  0.0000  0.0000  0.0000
  0.0000  0.0000  0.0000  0.0000  0.0000
  0.0000  0.0000  0.0000  0.0000  0.0000

79   2 2
spin component  1
  0.0000  0.0000  0.0000  0.0000  0.0000
  0.0000  0.0000  0.0000  0.0000  0.0000
  0.0000  0.0000  0.0000  0.0000  0.0000
  0.0000  0.0000  0.0000  0.0000  0.0000
  0.0000  0.0000  0.0000  0.0000  0.0000
spin component  2
  0.0000  0.0000  0.0000  0.0000  0.0000
  0.0000  0.0000  0.0000  0.0000  0.0000
  0.0000  0.0000  0.0000  0.0000  0.0000
  0.0000  0.0000  0.0000  0.0000  0.0000
  0.0000  0.0000  0.0000  0.0000  0.0000

80   2 2
spin component  1
  0.0000  0.0000  0.0000  0.0000  0.0000
  0.0000  0.0000  0.0000  0.0000  0.0000
  0.0000  0.0000  0.0000  0.0000  0.0000
  0.0000  0.0000  0.0000  0.0000  0.0000
  0.0000  0.0000  0.0000  0.0000  0.0000
spin component  2
  0.0000  0.0000  0.0000  0.0000  0.0000
  0.0000  0.0000  0.0000  0.0000  0.0000
  0.0000  0.0000  0.0000  0.0000  0.0000
  0.0000  0.0000  0.0000  0.0000  0.0000
  0.0000  0.0000  0.0000  0.0000  0.0000

81   2 2
spin component  1
  0.0000  0.0000  0.0000  0.0000  0.0000
  0.0000  0.0000  0.0000  0.0000  0.0000
  0.0000  0.0000  0.0000  0.0000  0.0000
  0.0000  0.0000  0.0000  0.0000  0.0000
  0.0000  0.0000  0.0000  0.0000  0.0000
spin component  2
  0.0000  0.0000  0.0000  0.0000  0.0000
  0.0000  0.0000  0.0000  0.0000  0.0000
  0.0000  0.0000  0.0000  0.0000  0.0000
  0.0000  0.0000  0.0000  0.0000  0.0000
  0.0000  0.0000  0.0000  0.0000  0.0000

82   2 2
spin component  1
  0.0000  0.0000  0.0000  0.0000  0.0000
  0.0000  0.0000  0.0000  0.0000  0.0000
  0.0000  0.0000  0.0000  0.0000  0.0000
  0.0000  0.0000  0.0000  0.0000  0.0000
  0.0000  0.0000  0.0000  0.0000  0.0000
spin component  2
  0.0000  0.0000  0.0000  0.0000  0.0000
  0.0000  0.0000  0.0000  0.0000  0.0000
  0.0000  0.0000  0.0000  0.0000  0.0000
  0.0000  0.0000  0.0000  0.0000  0.0000
  0.0000  0.0000  0.0000  0.0000  0.0000

83   2 2
spin component  1
  0.0000  0.0000  0.0000  0.0000  0.0000
  0.0000  0.0000  0.0000  0.0000  0.0000
  0.0000  0.0000  0.0000  0.0000  0.0000
  0.0000  0.0000  0.0000  0.0000  0.0000
  0.0000  0.0000  0.0000  0.0000  0.0000
spin component  2
  0.0000  0.0000  0.0000  0.0000  0.0000
  0.0000  0.0000  0.0000  0.0000  0.0000
  0.0000  0.0000  0.0000  0.0000  0.0000
  0.0000  0.0000  0.0000  0.0000  0.0000
  0.0000  0.0000  0.0000  0.0000  0.0000

84   2 2
spin component  1
  0.0000  0.0000  0.0000  0.0000  0.0000
  0.0000  0.0000  0.0000  0.0000  0.0000
  0.0000  0.0000  0.0000  0.0000  0.0000
  0.0000  0.0000  0.0000  0.0000  0.0000
  0.0000  0.0000  0.0000  0.0000  0.0000
spin component  2
  0.0000  0.0000  0.0000  0.0000  0.0000
  0.0000  0.0000  0.0000  0.0000  0.0000
  0.0000  0.0000  0.0000  0.0000  0.0000
  0.0000  0.0000  0.0000  0.0000  0.0000
  0.0000  0.0000  0.0000  0.0000  0.0000

85   2 2
spin component  1
  0.0000  0.0000  0.0000  0.0000  0.0000
  0.0000  0.0000  0.0000  0.0000  0.0000
  0.0000  0.0000  0.0000  0.0000  0.0000
  0.0000  0.0000  0.0000  0.0000  0.0000
  0.0000  0.0000  0.0000  0.0000  0.0000
spin component  2
  0.0000  0.0000  0.0000  0.0000  0.0000
  0.0000  0.0000  0.0000  0.0000  0.0000
  0.0000  0.0000  0.0000  0.0000  0.0000
  0.0000  0.0000  0.0000  0.0000  0.0000
  0.0000  0.0000  0.0000  0.0000  0.0000

86   2 2
spin component  1
  0.0000  0.0000  0.0000  0.0000  0.0000
  0.0000  0.0000  0.0000  0.0000  0.0000
  0.0000  0.0000  0.0000  0.0000  0.0000
  0.0000  0.0000  0.0000  0.0000  0.0000
  0.0000  0.0000  0.0000  0.0000  0.0000
spin component  2
  0.0000  0.0000  0.0000  0.0000  0.0000
  0.0000  0.0000  0.0000  0.0000  0.0000
  0.0000  0.0000  0.0000  0.0000  0.0000
  0.0000  0.0000  0.0000  0.0000  0.0000
  0.0000  0.0000  0.0000  0.0000  0.0000

87   2 2
spin component  1
  0.0000  0.0000  0.0000  0.0000  0.0000
  0.0000  0.0000  0.0000  0.0000  0.0000
  0.0000  0.0000  0.0000  0.0000  0.0000
  0.0000  0.0000  0.0000  0.0000  0.0000
  0.0000  0.0000  0.0000  0.0000  0.0000
spin component  2
  0.0000  0.0000  0.0000  0.0000  0.0000
  0.0000  0.0000  0.0000  0.0000  0.0000
  0.0000  0.0000  0.0000  0.0000  0.0000
  0.0000  0.0000  0.0000  0.0000  0.0000
  0.0000  0.0000  0.0000  0.0000  0.0000

88   2 2
spin component  1
  0.0000  0.0000  0.0000  0.0000  0.0000
  0.0000  0.0000  0.0000  0.0000  0.0000
  0.0000  0.0000  0.0000  0.0000  0.0000
  0.0000  0.0000  0.0000  0.0000  0.0000
  0.0000  0.0000  0.0000  0.0000  0.0000
spin component  2
  0.0000  0.0000  0.0000  0.0000  0.0000
  0.0000  0.0000  0.0000  0.0000  0.0000
  0.0000  0.0000  0.0000  0.0000  0.0000
  0.0000  0.0000  0.0000  0.0000  0.0000
  0.0000  0.0000  0.0000  0.0000  0.0000

89   2 2
spin component  1
  0.0000  0.0000  0.0000  0.0000  0.0000
  0.0000  0.0000  0.0000  0.0000  0.0000
  0.0000  0.0000  0.0000  0.0000  0.0000
  0.0000  0.0000  0.0000  0.0000  0.0000
  0.0000  0.0000  0.0000  0.0000  0.0000
spin component  2
  0.0000  0.0000  0.0000  0.0000  0.0000
  0.0000  0.0000  0.0000  0.0000  0.0000
  0.0000  0.0000  0.0000  0.0000  0.0000
  0.0000  0.0000  0.0000  0.0000  0.0000
  0.0000  0.0000  0.0000  0.0000  0.0000

90   2 2
spin component  1
  0.0000  0.0000  0.0000  0.0000  0.0000
  0.0000  0.0000  0.0000  0.0000  0.0000
  0.0000  0.0000  0.0000  0.0000  0.0000
  0.0000  0.0000  0.0000  0.0000  0.0000
  0.0000  0.0000  0.0000  0.0000  0.0000
spin component  2
  0.0000  0.0000  0.0000  0.0000  0.0000
  0.0000  0.0000  0.0000  0.0000  0.0000
  0.0000  0.0000  0.0000  0.0000  0.0000
  0.0000  0.0000  0.0000  0.0000  0.0000
  0.0000  0.0000  0.0000  0.0000  0.0000

91   2 2
spin component  1
  0.0000  0.0000  0.0000  0.0000  0.0000
  0.0000  0.0000  0.0000  0.0000  0.0000
  0.0000  0.0000  0.0000  0.0000  0.0000
  0.0000  0.0000  0.0000  0.0000  0.0000
  0.0000  0.0000  0.0000  0.0000  0.0000
spin component  2
  0.0000  0.0000  0.0000  0.0000  0.0000
  0.0000  0.0000  0.0000  0.0000  0.0000
  0.0000  0.0000  0.0000  0.0000  0.0000
  0.0000  0.0000  0.0000  0.0000  0.0000
  0.0000  0.0000  0.0000  0.0000  0.0000

92   2 2
spin component  1
  0.0000  0.0000  0.0000  0.0000  0.0000
  0.0000  0.0000  0.0000  0.0000  0.0000
  0.0000  0.0000  0.0000  0.0000  0.0000
  0.0000  0.0000  0.0000  0.0000  0.0000
  0.0000  0.0000  0.0000  0.0000  0.0000
spin component  2
  0.0000  0.0000  0.0000  0.0000  0.0000
  0.0000  0.0000  0.0000  0.0000  0.0000
  0.0000  0.0000  0.0000  0.0000  0.0000
  0.0000  0.0000  0.0000  0.0000  0.0000
  0.0000  0.0000  0.0000  0.0000  0.0000

93   2 2
spin component  1
  0.0000  0.0000  0.0000  0.0000  0.0000
  0.0000  0.0000  0.0000  0.0000  0.0000
  0.0000  0.0000  0.0000  0.0000  0.0000
  0.0000  0.0000  0.0000  0.0000  0.0000
  0.0000  0.0000  0.0000  0.0000  0.0000
spin component  2
  0.0000  0.0000  0.0000  0.0000  0.0000
  0.0000  0.0000  0.0000  0.0000  0.0000
  0.0000  0.0000  0.0000  0.0000  0.0000
  0.0000  0.0000  0.0000  0.0000  0.0000
  0.0000  0.0000  0.0000  0.0000  0.0000

94   2 2
spin component  1
  0.0000  0.0000  0.0000  0.0000  0.0000
  0.0000  0.0000  0.0000  0.0000  0.0000
  0.0000  0.0000  0.0000  0.0000  0.0000
  0.0000  0.0000  0.0000  0.0000  0.0000
  0.0000  0.0000  0.0000  0.0000  0.0000
spin component  2
  0.0000  0.0000  0.0000  0.0000  0.0000
  0.0000  0.0000  0.0000  0.0000  0.0000
  0.0000  0.0000  0.0000  0.0000  0.0000
  0.0000  0.0000  0.0000  0.0000  0.0000
  0.0000  0.0000  0.0000  0.0000  0.0000

95   2 2
spin component  1
  0.0000  0.0000  0.0000  0.0000  0.0000
  0.0000  0.0000  0.0000  0.0000  0.0000
  0.0000  0.0000  0.0000  0.0000  0.0000
  0.0000  0.0000  0.0000  0.0000  0.0000
  0.0000  0.0000  0.0000  0.0000  0.0000
spin component  2
  0.0000  0.0000  0.0000  0.0000  0.0000
  0.0000  0.0000  0.0000  0.0000  0.0000
  0.0000  0.0000  0.0000  0.0000  0.0000
  0.0000  0.0000  0.0000  0.0000  0.0000
  0.0000  0.0000  0.0000  0.0000  0.0000

96   2 2
spin component  1
  0.0000  0.0000  0.0000  0.0000  0.0000
  0.0000  0.0000  0.0000  0.0000  0.0000
  0.0000  0.0000  0.0000  0.0000  0.0000
  0.0000  0.0000  0.0000  0.0000  0.0000
  0.0000  0.0000  0.0000  0.0000  0.0000
spin component  2
  0.0000  0.0000  0.0000  0.0000  0.0000
  0.0000  0.0000  0.0000  0.0000  0.0000
  0.0000  0.0000  0.0000  0.0000  0.0000
  0.0000  0.0000  0.0000  0.0000  0.0000
  0.0000  0.0000  0.0000  0.0000  0.0000

97   2 2
spin component  1
  0.0000  0.0000  0.0000  0.0000  0.0000
  0.0000  0.0000  0.0000  0.0000  0.0000
  0.0000  0.0000  0.0000  0.0000  0.0000
  0.0000  0.0000  0.0000  0.0000  0.0000
  0.0000  0.0000  0.0000  0.0000  0.0000
spin component  2
  0.0000  0.0000  0.0000  0.0000  0.0000
  0.0000  0.0000  0.0000  0.0000  0.0000
  0.0000  0.0000  0.0000  0.0000  0.0000
  0.0000  0.0000  0.0000  0.0000  0.0000
  0.0000  0.0000  0.0000  0.0000  0.0000

98   2 2
spin component  1
  0.0000  0.0000  0.0000  0.0000  0.0000
  0.0000  0.0000  0.0000  0.0000  0.0000
  0.0000  0.0000  0.0000  0.0000  0.0000
  0.0000  0.0000  0.0000  0.0000  0.0000
  0.0000  0.0000  0.0000  0.0000  0.0000
spin component  2
  0.0000  0.0000  0.0000  0.0000  0.0000
  0.0000  0.0000  0.0000  0.0000  0.0000
  0.0000  0.0000  0.0000  0.0000  0.0000
  0.0000  0.0000  0.0000  0.0000  0.0000
  0.0000  0.0000  0.0000  0.0000  0.0000

99   2 2
spin component  1
  0.0000  0.0000  0.0000  0.0000  0.0000
  0.0000  0.0000  0.0000  0.0000  0.0000
  0.0000  0.0000  0.0000  0.0000  0.0000
  0.0000  0.0000  0.0000  0.0000  0.0000
  0.0000  0.0000  0.0000  0.0000  0.0000
spin component  2
  0.0000  0.0000  0.0000  0.0000  0.0000
  0.0000  0.0000  0.0000  0.0000  0.0000
  0.0000  0.0000  0.0000  0.0000  0.0000
  0.0000  0.0000  0.0000  0.0000  0.0000
  0.0000  0.0000  0.0000  0.0000  0.0000

100   2 2
spin component  1
  0.0000  0.0000  0.0000  0.0000  0.0000
  0.0000  0.0000  0.0000  0.0000  0.0000
  0.0000  0.0000  0.0000  0.0000  0.0000
  0.0000  0.0000  0.0000  0.0000  0.0000
  0.0000  0.0000  0.0000  0.0000  0.0000
spin component  2
  0.0000  0.0000  0.0000  0.0000  0.0000
  0.0000  0.0000  0.0000  0.0000  0.0000
  0.0000  0.0000  0.0000  0.0000  0.0000
  0.0000  0.0000  0.0000  0.0000  0.0000
  0.0000  0.0000  0.0000  0.0000  0.0000

101   2 2
spin component  1
  0.0000  0.0000  0.0000  0.0000  0.0000
  0.0000  0.0000  0.0000  0.0000  0.0000
  0.0000  0.0000  0.0000  0.0000  0.0000
  0.0000  0.0000  0.0000  0.0000  0.0000
  0.0000  0.0000  0.0000  0.0000  0.0000
spin component  2
  0.0000  0.0000  0.0000  0.0000  0.0000
  0.0000  0.0000  0.0000  0.0000  0.0000
  0.0000  0.0000  0.0000  0.0000  0.0000
  0.0000  0.0000  0.0000  0.0000  0.0000
  0.0000  0.0000  0.0000  0.0000  0.0000

102   2 2
spin component  1
  0.0000  0.0000  0.0000  0.0000  0.0000
  0.0000  0.0000  0.0000  0.0000  0.0000
  0.0000  0.0000  0.0000  0.0000  0.0000
  0.0000  0.0000  0.0000  0.0000  0.0000
  0.0000  0.0000  0.0000  0.0000  0.0000
spin component  2
  0.0000  0.0000  0.0000  0.0000  0.0000
  0.0000  0.0000  0.0000  0.0000  0.0000
  0.0000  0.0000  0.0000  0.0000  0.0000
  0.0000  0.0000  0.0000  0.0000  0.0000
  0.0000  0.0000  0.0000  0.0000  0.0000

103   2 2
spin component  1
  0.0000  0.0000  0.0000  0.0000  0.0000
  0.0000  0.0000  0.0000  0.0000  0.0000
  0.0000  0.0000  0.0000  0.0000  0.0000
  0.0000  0.0000  0.0000  0.0000  0.0000
  0.0000  0.0000  0.0000  0.0000  0.0000
spin component  2
  0.0000  0.0000  0.0000  0.0000  0.0000
  0.0000  0.0000  0.0000  0.0000  0.0000
  0.0000  0.0000  0.0000  0.0000  0.0000
  0.0000  0.0000  0.0000  0.0000  0.0000
  0.0000  0.0000  0.0000  0.0000  0.0000

104   2 2
spin component  1
  0.0000  0.0000  0.0000  0.0000  0.0000
  0.0000  0.0000  0.0000  0.0000  0.0000
  0.0000  0.0000  0.0000  0.0000  0.0000
  0.0000  0.0000  0.0000  0.0000  0.0000
  0.0000  0.0000  0.0000  0.0000  0.0000
spin component  2
  0.0000  0.0000  0.0000  0.0000  0.0000
  0.0000  0.0000  0.0000  0.0000  0.0000
  0.0000  0.0000  0.0000  0.0000  0.0000
  0.0000  0.0000  0.0000  0.0000  0.0000
  0.0000  0.0000  0.0000  0.0000  0.0000

105   2 2
spin component  1
  0.0000  0.0000  0.0000  0.0000  0.0000
  0.0000  0.0000  0.0000  0.0000  0.0000
  0.0000  0.0000  0.0000  0.0000  0.0000
  0.0000  0.0000  0.0000  0.0000  0.0000
  0.0000  0.0000  0.0000  0.0000  0.0000
spin component  2
  0.0000  0.0000  0.0000  0.0000  0.0000
  0.0000  0.0000  0.0000  0.0000  0.0000
  0.0000  0.0000  0.0000  0.0000  0.0000
  0.0000  0.0000  0.0000  0.0000  0.0000
  0.0000  0.0000  0.0000  0.0000  0.0000

106   2 2
spin component  1
  0.0000  0.0000  0.0000  0.0000  0.0000
  0.0000  0.0000  0.0000  0.0000  0.0000
  0.0000  0.0000  0.0000  0.0000  0.0000
  0.0000  0.0000  0.0000  0.0000  0.0000
  0.0000  0.0000  0.0000  0.0000  0.0000
spin component  2
  0.0000  0.0000  0.0000  0.0000  0.0000
  0.0000  0.0000  0.0000  0.0000  0.0000
  0.0000  0.0000  0.0000  0.0000  0.0000
  0.0000  0.0000  0.0000  0.0000  0.0000
  0.0000  0.0000  0.0000  0.0000  0.0000

107   2 2
spin component  1
  0.0000  0.0000  0.0000  0.0000  0.0000
  0.0000  0.0000  0.0000  0.0000  0.0000
  0.0000  0.0000  0.0000  0.0000  0.0000
  0.0000  0.0000  0.0000  0.0000  0.0000
  0.0000  0.0000  0.0000  0.0000  0.0000
spin component  2
  0.0000  0.0000  0.0000  0.0000  0.0000
  0.0000  0.0000  0.0000  0.0000  0.0000
  0.0000  0.0000  0.0000  0.0000  0.0000
  0.0000  0.0000  0.0000  0.0000  0.0000
  0.0000  0.0000  0.0000  0.0000  0.0000

108   2 2
spin component  1
  0.0000  0.0000  0.0000  0.0000  0.0000
  0.0000  0.0000  0.0000  0.0000  0.0000
  0.0000  0.0000  0.0000  0.0000  0.0000
  0.0000  0.0000  0.0000  0.0000  0.0000
  0.0000  0.0000  0.0000  0.0000  0.0000
spin component  2
  0.0000  0.0000  0.0000  0.0000  0.0000
  0.0000  0.0000  0.0000  0.0000  0.0000
  0.0000  0.0000  0.0000  0.0000  0.0000
  0.0000  0.0000  0.0000  0.0000  0.0000
  0.0000  0.0000  0.0000  0.0000  0.0000
