
1   2 2
spin component  1
  0.1064  0.0000  0.0000 -0.0005 -0.0000
  0.0000  0.0991 -0.0001  0.0000 -0.0005
  0.0000 -0.0001  0.2430 -0.0000 -0.0011
 -0.0005  0.0000 -0.0000  0.1010 -0.0000
 -0.0000 -0.0005 -0.0011 -0.0000  0.2505
spin component  2
  0.1063 -0.0000  0.0000 -0.0005 -0.0000
 -0.0000  0.0991 -0.0001  0.0000 -0.0005
  0.0000 -0.0001  0.2430 -0.0000 -0.0011
 -0.0005  0.0000 -0.0000  0.1010 -0.0000
 -0.0000 -0.0005 -0.0011 -0.0000  0.2505

2   2 2
spin component  1
  0.1062 -0.0007 -0.0003 -0.0009 -0.0002
 -0.0007  0.1001 -0.0004  0.0000 -0.0001
 -0.0003 -0.0004  0.2430 -0.0003  0.0000
 -0.0009  0.0000 -0.0003  0.0998  0.0001
 -0.0002 -0.0001  0.0000  0.0001  0.2493
spin component  2
  0.1062 -0.0007 -0.0003 -0.0009 -0.0002
 -0.0007  0.0999 -0.0004  0.0000 -0.0001
 -0.0003 -0.0004  0.2430 -0.0003 -0.0000
 -0.0009  0.0000 -0.0003  0.0998  0.0001
 -0.0002 -0.0001 -0.0000  0.0001  0.2493

3   2 2
spin component  1
  0.1062  0.0007  0.0003 -0.0009  0.0002
  0.0007  0.1001 -0.0004 -0.0000 -0.0001
  0.0003 -0.0004  0.2430  0.0003 -0.0000
 -0.0009 -0.0000  0.0003  0.0998 -0.0001
  0.0002 -0.0001 -0.0000 -0.0001  0.2493
spin component  2
  0.1062  0.0007  0.0003 -0.0009  0.0002
  0.0007  0.0999 -0.0004 -0.0000 -0.0001
  0.0003 -0.0004  0.2430  0.0003 -0.0000
 -0.0009 -0.0000  0.0003  0.0998 -0.0001
  0.0002 -0.0001 -0.0000 -0.0001  0.2493

4   2 2
spin component  1
  0.1068  0.0000 -0.0000  0.0000 -0.0000
  0.0000  0.1004 -0.0000  0.0000  0.0000
 -0.0000 -0.0000  0.2422 -0.0000  0.0003
  0.0000  0.0000 -0.0000  0.0997  0.0000
 -0.0000  0.0000  0.0003  0.0000  0.2515
spin component  2
  0.1068  0.0000  0.0000  0.0000 -0.0000
  0.0000  0.1004  0.0000 -0.0000  0.0000
  0.0000  0.0000  0.2422 -0.0000  0.0003
  0.0000 -0.0000 -0.0000  0.0997  0.0000
 -0.0000  0.0000  0.0003  0.0000  0.2516

5   2 2
spin component  1
  0.1066 -0.0004  0.0000  0.0000 -0.0000
 -0.0004  0.1009 -0.0000  0.0000 -0.0000
  0.0000 -0.0000  0.2420  0.0003  0.0011
  0.0000  0.0000  0.0003  0.0993  0.0002
 -0.0000 -0.0000  0.0011  0.0002  0.2507
spin component  2
  0.1065 -0.0004 -0.0000 -0.0000 -0.0000
 -0.0004  0.1009  0.0000  0.0000 -0.0000
 -0.0000  0.0000  0.2420  0.0003  0.0012
 -0.0000  0.0000  0.0003  0.0993  0.0002
 -0.0000 -0.0000  0.0012  0.0002  0.2507

6   2 2
spin component  1
  0.1065  0.0004 -0.0000 -0.0000 -0.0000
  0.0004  0.1010  0.0000  0.0000 -0.0000
 -0.0000  0.0000  0.2420 -0.0003  0.0011
 -0.0000  0.0000 -0.0003  0.0993 -0.0002
 -0.0000 -0.0000  0.0011 -0.0002  0.2507
spin component  2
  0.1065  0.0004 -0.0000 -0.0000 -0.0000
  0.0004  0.1009  0.0000 -0.0000  0.0000
 -0.0000  0.0000  0.2420 -0.0003  0.0012
 -0.0000 -0.0000 -0.0003  0.0993 -0.0002
 -0.0000  0.0000  0.0012 -0.0002  0.2507

7   2 2
spin component  1
  0.1064  0.0000  0.0000  0.0005 -0.0000
  0.0000  0.0992  0.0001  0.0000  0.0005
  0.0000  0.0001  0.2430  0.0000 -0.0011
  0.0005  0.0000  0.0000  0.1010  0.0000
 -0.0000  0.0005 -0.0011  0.0000  0.2505
spin component  2
  0.1064  0.0000  0.0000  0.0005  0.0000
  0.0000  0.0991  0.0001  0.0000  0.0005
  0.0000  0.0001  0.2430  0.0000 -0.0011
  0.0005  0.0000  0.0000  0.1010  0.0000
  0.0000  0.0005 -0.0011  0.0000  0.2505

8   2 2
spin component  1
  0.1062 -0.0007  0.0003  0.0009  0.0002
 -0.0007  0.1001  0.0004 -0.0000  0.0001
  0.0003  0.0004  0.2430 -0.0003  0.0000
  0.0009 -0.0000 -0.0003  0.0998  0.0001
  0.0002  0.0001  0.0000  0.0001  0.2493
spin component  2
  0.1062 -0.0007  0.0003  0.0009  0.0002
 -0.0007  0.0999  0.0004 -0.0000  0.0001
  0.0003  0.0004  0.2430 -0.0003 -0.0000
  0.0009 -0.0000 -0.0003  0.0998  0.0001
  0.0002  0.0001 -0.0000  0.0001  0.2493

9   2 2
spin component  1
  0.1062  0.0007 -0.0003  0.0009 -0.0002
  0.0007  0.1001  0.0004  0.0000  0.0001
 -0.0003  0.0004  0.2430  0.0003  0.0000
  0.0009  0.0000  0.0003  0.0998 -0.0001
 -0.0002  0.0001  0.0000 -0.0001  0.2493
spin component  2
  0.1062  0.0007 -0.0003  0.0009 -0.0002
  0.0007  0.0999  0.0004  0.0000  0.0001
 -0.0003  0.0004  0.2430  0.0003 -0.0000
  0.0009  0.0000  0.0003  0.0998 -0.0001
 -0.0002  0.0001 -0.0000 -0.0001  0.2493

10   2 2
spin component  1
  0.1069 -0.0006 -0.0002 -0.0007 -0.0007
 -0.0006  0.1003  0.0004  0.0000  0.0005
 -0.0002  0.0004  0.2420  0.0001  0.0002
 -0.0007  0.0000  0.0001  0.1000  0.0000
 -0.0007  0.0005  0.0002  0.0000  0.2507
spin component  2
  0.1067 -0.0006 -0.0002 -0.0006 -0.0007
 -0.0006  0.1003  0.0004  0.0001  0.0005
 -0.0002  0.0004  0.2419  0.0001  0.0002
 -0.0006  0.0001  0.0001  0.0999  0.0000
 -0.0007  0.0005  0.0002  0.0000  0.2507

11   2 2
spin component  1
  0.1081 -0.0000 -0.0000 -0.0020 -0.0000
 -0.0000  0.1027  0.0048 -0.0000  0.0056
 -0.0000  0.0048  0.2398  0.0000  0.0069
 -0.0020 -0.0000  0.0000  0.0997  0.0000
 -0.0000  0.0056  0.0069  0.0000  0.2521
spin component  2
  0.1060 -0.0000 -0.0000 -0.0013 -0.0000
 -0.0000  0.1030  0.0050 -0.0000  0.0059
 -0.0000  0.0050  0.2399 -0.0000  0.0071
 -0.0013 -0.0000 -0.0000  0.0995  0.0000
 -0.0000  0.0059  0.0071  0.0000  0.2524

12   2 2
spin component  1
  0.1068  0.0006  0.0002 -0.0007  0.0007
  0.0006  0.1003  0.0004 -0.0001  0.0005
  0.0002  0.0004  0.2419 -0.0001  0.0002
 -0.0007 -0.0001 -0.0001  0.1000  0.0000
  0.0007  0.0005  0.0002  0.0000  0.2507
spin component  2
  0.1067  0.0006  0.0002 -0.0006  0.0007
  0.0006  0.1003  0.0004 -0.0001  0.0005
  0.0002  0.0004  0.2419 -0.0001  0.0002
 -0.0006 -0.0001 -0.0001  0.0999 -0.0000
  0.0007  0.0005  0.0002 -0.0000  0.2507

13   2 2
spin component  1
  0.1068 -0.0006  0.0002  0.0007  0.0006
 -0.0006  0.1003 -0.0004 -0.0000 -0.0005
  0.0002 -0.0004  0.2419  0.0001  0.0002
  0.0007 -0.0000  0.0001  0.1000 -0.0000
  0.0006 -0.0005  0.0002 -0.0000  0.2507
spin component  2
  0.1067 -0.0006  0.0002  0.0006  0.0007
 -0.0006  0.1003 -0.0004 -0.0001 -0.0006
  0.0002 -0.0004  0.2419  0.0001  0.0002
  0.0006 -0.0001  0.0001  0.0999  0.0000
  0.0007 -0.0006  0.0002  0.0000  0.2507

14   2 2
spin component  1
  0.1081  0.0000  0.0000  0.0020 -0.0000
  0.0000  0.1027 -0.0048  0.0000 -0.0056
  0.0000 -0.0048  0.2398  0.0000  0.0069
  0.0020  0.0000  0.0000  0.0997 -0.0000
 -0.0000 -0.0056  0.0069 -0.0000  0.2521
spin component  2
  0.1060  0.0000  0.0000  0.0013  0.0000
  0.0000  0.1030 -0.0050  0.0000 -0.0059
  0.0000 -0.0050  0.2399 -0.0000  0.0071
  0.0013  0.0000 -0.0000  0.0994 -0.0000
  0.0000 -0.0059  0.0071 -0.0000  0.2524

15   2 2
spin component  1
  0.1068  0.0006 -0.0002  0.0007 -0.0007
  0.0006  0.1003 -0.0004  0.0001 -0.0005
 -0.0002 -0.0004  0.2419 -0.0001  0.0002
  0.0007  0.0001 -0.0001  0.1000  0.0000
 -0.0007 -0.0005  0.0002  0.0000  0.2507
spin component  2
  0.1067  0.0006 -0.0002  0.0006 -0.0007
  0.0006  0.1003 -0.0004  0.0001 -0.0006
 -0.0002 -0.0004  0.2419 -0.0001  0.0002
  0.0006  0.0001 -0.0001  0.1000 -0.0000
 -0.0007 -0.0006  0.0002 -0.0000  0.2507

16   2 2
spin component  1
  0.1072 -0.0022 -0.0000  0.0000  0.0000
 -0.0022  0.0957 -0.0000  0.0000  0.0000
 -0.0000 -0.0000  0.2377  0.0086 -0.0150
  0.0000  0.0000  0.0086  0.1109 -0.0117
  0.0000  0.0000 -0.0150 -0.0117  0.2639
spin component  2
  0.1069 -0.0022 -0.0000  0.0000  0.0000
 -0.0022  0.0954 -0.0000  0.0000 -0.0000
 -0.0000 -0.0000  0.2342  0.0069 -0.0097
  0.0000  0.0000  0.0069  0.1093 -0.0087
  0.0000 -0.0000 -0.0097 -0.0087  0.2546

17   2 2
spin component  1
  0.0000  0.0000  0.0000  0.0000  0.0000
  0.0000  0.0000  0.0000  0.0000  0.0000
  0.0000  0.0000  0.0000  0.0000  0.0000
  0.0000  0.0000  0.0000  1.0000  0.0000
  0.0000  0.0000  0.0000  0.0000  0.0000
spin component  2
  0.0000  0.0000  0.0000  0.0000  0.0000
  0.0000  0.0000  0.0000  0.0000  0.0000
  0.0000  0.0000  0.0000  0.0000  0.0000
  0.0000  0.0000  0.0000  0.0000  0.0000
  0.0000  0.0000  0.0000  0.0000  0.0000

18   2 2
spin component  1
  0.1072  0.0022 -0.0000  0.0000  0.0000
  0.0022  0.0957 -0.0000 -0.0000  0.0000
 -0.0000 -0.0000  0.2377 -0.0086 -0.0150
  0.0000 -0.0000 -0.0086  0.1109  0.0117
  0.0000  0.0000 -0.0150  0.0117  0.2639
spin component  2
  0.1069  0.0022 -0.0000  0.0000  0.0000
  0.0022  0.0954 -0.0000 -0.0000  0.0000
 -0.0000 -0.0000  0.2342 -0.0069 -0.0097
  0.0000 -0.0000 -0.0069  0.1093  0.0087
  0.0000  0.0000 -0.0097  0.0087  0.2546

19   2 2
spin component  1
  0.1067  0.0000 -0.0000  0.0004 -0.0000
  0.0000  0.1010 -0.0006  0.0000 -0.0011
 -0.0000 -0.0006  0.2415  0.0000  0.0003
  0.0004  0.0000  0.0000  0.0999 -0.0000
 -0.0000 -0.0011  0.0003 -0.0000  0.2500
spin component  2
  0.1067  0.0000 -0.0000  0.0004  0.0000
  0.0000  0.1010 -0.0006 -0.0000 -0.0011
 -0.0000 -0.0006  0.2416  0.0000  0.0003
  0.0004 -0.0000  0.0000  0.0999 -0.0000
  0.0000 -0.0011  0.0003 -0.0000  0.2500

20   2 2
spin component  1
  0.1064  0.0005 -0.0001  0.0003 -0.0010
  0.0005  0.1008 -0.0008  0.0000 -0.0014
 -0.0001 -0.0008  0.2418 -0.0005  0.0005
  0.0003  0.0000 -0.0005  0.0997  0.0008
 -0.0010 -0.0014  0.0005  0.0008  0.2500
spin component  2
  0.1063  0.0006 -0.0001  0.0003 -0.0011
  0.0006  0.1005 -0.0008  0.0000 -0.0013
 -0.0001 -0.0008  0.2418 -0.0005  0.0006
  0.0003  0.0000 -0.0005  0.0997  0.0008
 -0.0011 -0.0013  0.0006  0.0008  0.2500

21   2 2
spin component  1
  0.1064 -0.0005  0.0001  0.0003  0.0010
 -0.0005  0.1008 -0.0008 -0.0000 -0.0014
  0.0001 -0.0008  0.2418  0.0005  0.0005
  0.0003 -0.0000  0.0005  0.0997 -0.0008
  0.0010 -0.0014  0.0005 -0.0008  0.2500
spin component  2
  0.1063 -0.0006  0.0001  0.0003  0.0011
 -0.0006  0.1005 -0.0008 -0.0000 -0.0013
  0.0001 -0.0008  0.2418  0.0005  0.0005
  0.0003 -0.0000  0.0005  0.0997 -0.0008
  0.0011 -0.0013  0.0005 -0.0008  0.2500

22   2 2
spin component  1
  0.1067  0.0000  0.0000 -0.0004 -0.0000
  0.0000  0.1010  0.0006  0.0000  0.0011
  0.0000  0.0006  0.2416  0.0000  0.0003
 -0.0004  0.0000  0.0000  0.0999  0.0000
 -0.0000  0.0011  0.0003  0.0000  0.2500
spin component  2
  0.1067  0.0000  0.0000 -0.0004 -0.0000
  0.0000  0.1010  0.0006  0.0000  0.0011
  0.0000  0.0006  0.2416 -0.0000  0.0003
 -0.0004  0.0000 -0.0000  0.0999  0.0000
 -0.0000  0.0011  0.0003  0.0000  0.2501

23   2 2
spin component  1
  0.1063  0.0005  0.0001 -0.0003  0.0010
  0.0005  0.1008  0.0008 -0.0000  0.0014
  0.0001  0.0008  0.2418 -0.0005  0.0005
 -0.0003 -0.0000 -0.0005  0.0997  0.0008
  0.0010  0.0014  0.0005  0.0008  0.2500
spin component  2
  0.1063  0.0006  0.0001 -0.0003  0.0011
  0.0006  0.1005  0.0008 -0.0000  0.0013
  0.0001  0.0008  0.2418 -0.0005  0.0005
 -0.0003 -0.0000 -0.0005  0.0997  0.0008
  0.0011  0.0013  0.0005  0.0008  0.2500

24   2 2
spin component  1
  0.1063 -0.0005 -0.0001 -0.0003 -0.0010
 -0.0005  0.1007  0.0008  0.0000  0.0014
 -0.0001  0.0008  0.2418  0.0005  0.0005
 -0.0003  0.0000  0.0005  0.0997 -0.0008
 -0.0010  0.0014  0.0005 -0.0008  0.2500
spin component  2
  0.1063 -0.0006 -0.0001 -0.0003 -0.0011
 -0.0006  0.1005  0.0008  0.0000  0.0013
 -0.0001  0.0008  0.2418  0.0005  0.0006
 -0.0003  0.0000  0.0005  0.0997 -0.0008
 -0.0011  0.0013  0.0006 -0.0008  0.2500

25   2 2
spin component  1
  0.1077  0.0000  0.0000  0.0000 -0.0000
  0.0000  0.0967 -0.0000  0.0000  0.0000
  0.0000 -0.0000  0.2426 -0.0000 -0.0072
  0.0000  0.0000 -0.0000  0.1033 -0.0000
 -0.0000  0.0000 -0.0072 -0.0000  0.2554
spin component  2
  0.1077 -0.0000  0.0000  0.0000  0.0000
 -0.0000  0.0966 -0.0000  0.0000  0.0000
  0.0000 -0.0000  0.2421 -0.0000 -0.0068
  0.0000  0.0000 -0.0000  0.1030  0.0000
  0.0000  0.0000 -0.0068  0.0000  0.2552

26   2 2
spin component  1
  0.1049  0.0014  0.0000 -0.0000 -0.0000
  0.0014  0.1014  0.0000 -0.0000 -0.0000
  0.0000  0.0000  0.2478 -0.0031 -0.0035
 -0.0000 -0.0000 -0.0031  0.0958  0.0005
 -0.0000 -0.0000 -0.0035  0.0005  0.2516
spin component  2
  0.1049  0.0015  0.0000 -0.0000 -0.0000
  0.0015  0.1014  0.0000 -0.0000 -0.0000
  0.0000  0.0000  0.2465 -0.0028 -0.0060
 -0.0000 -0.0000 -0.0028  0.0971  0.0007
 -0.0000 -0.0000 -0.0060  0.0007  0.2486

27   2 2
spin component  1
  0.1050 -0.0014 -0.0000  0.0000  0.0000
 -0.0014  0.1014  0.0000  0.0000 -0.0000
 -0.0000  0.0000  0.2478  0.0031 -0.0035
  0.0000  0.0000  0.0031  0.0958 -0.0005
  0.0000 -0.0000 -0.0035 -0.0005  0.2516
spin component  2
  0.1049 -0.0015 -0.0000  0.0000  0.0000
 -0.0015  0.1014 -0.0000  0.0000  0.0000
 -0.0000 -0.0000  0.2465  0.0028 -0.0060
  0.0000  0.0000  0.0028  0.0971 -0.0007
  0.0000  0.0000 -0.0060 -0.0007  0.2486

28   2 2
spin component  1
  0.1064  0.0004 -0.0002  0.0007  0.0008
  0.0004  0.0995 -0.0005  0.0001 -0.0006
 -0.0002 -0.0005  0.2421 -0.0003 -0.0006
  0.0007  0.0001 -0.0003  0.1010  0.0013
  0.0008 -0.0006 -0.0006  0.0013  0.2498
spin component  2
  0.1063  0.0003 -0.0002  0.0007  0.0008
  0.0003  0.0994 -0.0005  0.0000 -0.0006
 -0.0002 -0.0005  0.2421 -0.0003 -0.0006
  0.0007  0.0000 -0.0003  0.1009  0.0013
  0.0008 -0.0006 -0.0006  0.0013  0.2498

29   2 2
spin component  1
  0.1117  0.0000  0.0000  0.0040 -0.0000
  0.0000  0.0985 -0.0020 -0.0000 -0.0009
  0.0000 -0.0020  0.2436  0.0000  0.0059
  0.0040 -0.0000  0.0000  0.0989 -0.0000
 -0.0000 -0.0009  0.0059 -0.0000  0.2502
spin component  2
  0.1072  0.0000  0.0000  0.0033 -0.0000
  0.0000  0.0988 -0.0019  0.0000 -0.0009
  0.0000 -0.0019  0.2436  0.0000  0.0059
  0.0033  0.0000  0.0000  0.0990 -0.0000
 -0.0000 -0.0009  0.0059 -0.0000  0.2502

30   2 2
spin component  1
  0.1064 -0.0004  0.0002  0.0007 -0.0008
 -0.0004  0.0996 -0.0005 -0.0001 -0.0006
  0.0002 -0.0005  0.2422  0.0003 -0.0006
  0.0007 -0.0001  0.0003  0.1010 -0.0013
 -0.0008 -0.0006 -0.0006 -0.0013  0.2498
spin component  2
  0.1063 -0.0003  0.0002  0.0007 -0.0008
 -0.0003  0.0994 -0.0005 -0.0000 -0.0006
  0.0002 -0.0005  0.2422  0.0003 -0.0006
  0.0007 -0.0000  0.0003  0.1010 -0.0013
 -0.0008 -0.0006 -0.0006 -0.0013  0.2498

31   2 2
spin component  1
  0.1068  0.0004  0.0000 -0.0000  0.0000
  0.0004  0.1002 -0.0000  0.0000 -0.0000
  0.0000 -0.0000  0.2417 -0.0006  0.0003
 -0.0000  0.0000 -0.0006  0.1004  0.0009
  0.0000 -0.0000  0.0003  0.0009  0.2503
spin component  2
  0.1067  0.0004  0.0000 -0.0000  0.0000
  0.0004  0.1002 -0.0000 -0.0000 -0.0000
  0.0000 -0.0000  0.2417 -0.0006  0.0003
 -0.0000 -0.0000 -0.0006  0.1004  0.0008
  0.0000 -0.0000  0.0003  0.0008  0.2503

32   2 2
spin component  1
  0.1071  0.0000 -0.0000  0.0000  0.0000
  0.0000  0.1021 -0.0000  0.0000 -0.0000
 -0.0000 -0.0000  0.2416  0.0000  0.0053
  0.0000  0.0000  0.0000  0.0979 -0.0000
  0.0000 -0.0000  0.0053 -0.0000  0.2534
spin component  2
  0.1071  0.0000 -0.0000  0.0000  0.0000
  0.0000  0.1021 -0.0000  0.0000 -0.0000
 -0.0000 -0.0000  0.2416 -0.0000  0.0053
  0.0000  0.0000 -0.0000  0.0979  0.0000
  0.0000 -0.0000  0.0053  0.0000  0.2534

33   2 2
spin component  1
  0.1067 -0.0004  0.0000 -0.0000 -0.0000
 -0.0004  0.1002 -0.0000  0.0000 -0.0000
  0.0000 -0.0000  0.2417  0.0006  0.0003
 -0.0000  0.0000  0.0006  0.1004 -0.0009
 -0.0000 -0.0000  0.0003 -0.0009  0.2503
spin component  2
  0.1067 -0.0004  0.0000 -0.0000 -0.0000
 -0.0004  0.1002  0.0000  0.0000  0.0000
  0.0000  0.0000  0.2417  0.0006  0.0003
 -0.0000  0.0000  0.0006  0.1004 -0.0008
 -0.0000  0.0000  0.0003 -0.0008  0.2503

34   2 2
spin component  1
  0.1064  0.0004  0.0002 -0.0007 -0.0008
  0.0004  0.0996  0.0005 -0.0001  0.0006
  0.0002  0.0005  0.2422 -0.0003 -0.0006
 -0.0007 -0.0001 -0.0003  0.1010  0.0013
 -0.0008  0.0006 -0.0006  0.0013  0.2498
spin component  2
  0.1063  0.0003  0.0002 -0.0007 -0.0008
  0.0003  0.0994  0.0005 -0.0000  0.0006
  0.0002  0.0005  0.2422 -0.0003 -0.0006
 -0.0007 -0.0000 -0.0003  0.1010  0.0013
 -0.0008  0.0006 -0.0006  0.0013  0.2498

35   2 2
spin component  1
  0.1117 -0.0000 -0.0000 -0.0040 -0.0000
 -0.0000  0.0985  0.0020  0.0000  0.0009
 -0.0000  0.0020  0.2436  0.0000  0.0059
 -0.0040  0.0000  0.0000  0.0989  0.0000
 -0.0000  0.0009  0.0059  0.0000  0.2503
spin component  2
  0.1072  0.0000  0.0000 -0.0033 -0.0000
  0.0000  0.0988  0.0018  0.0000  0.0009
  0.0000  0.0018  0.2436 -0.0000  0.0059
 -0.0033  0.0000 -0.0000  0.0990 -0.0000
 -0.0000  0.0009  0.0059 -0.0000  0.2503

36   2 2
spin component  1
  0.1065 -0.0004 -0.0002 -0.0007  0.0008
 -0.0004  0.0996  0.0005  0.0001  0.0006
 -0.0002  0.0005  0.2422  0.0003 -0.0006
 -0.0007  0.0001  0.0003  0.1010 -0.0013
  0.0008  0.0006 -0.0006 -0.0013  0.2498
spin component  2
  0.1064 -0.0003 -0.0002 -0.0007  0.0008
 -0.0003  0.0994  0.0005  0.0000  0.0006
 -0.0002  0.0005  0.2422  0.0003 -0.0006
 -0.0007  0.0000  0.0003  0.1010 -0.0013
  0.0008  0.0006 -0.0006 -0.0013  0.2498

37   2 2
spin component  1
  0.0000  0.0000  0.0000  0.0000  0.0000
  0.0000  0.0000  0.0000  0.0000  0.0000
  0.0000  0.0000  0.0000  0.0000  0.0000
  0.0000  0.0000  0.0000  0.0000  0.0000
  0.0000  0.0000  0.0000  0.0000  0.0000
spin component  2
  0.0000  0.0000  0.0000  0.0000  0.0000
  0.0000  0.0000  0.0000  0.0000  0.0000
  0.0000  0.0000  0.0000  0.0000  0.0000
  0.0000  0.0000  0.0000  0.0000  0.0000
  0.0000  0.0000  0.0000  0.0000  0.0000

38   2 2
spin component  1
  0.0000  0.0000  0.0000  0.0000  0.0000
  0.0000  0.0000  0.0000  0.0000  0.0000
  0.0000  0.0000  0.0000  0.0000  0.0000
  0.0000  0.0000  0.0000  0.0000  0.0000
  0.0000  0.0000  0.0000  0.0000  0.0000
spin component  2
  0.0000  0.0000  0.0000  0.0000  0.0000
  0.0000  0.0000  0.0000  0.0000  0.0000
  0.0000  0.0000  0.0000  0.0000  0.0000
  0.0000  0.0000  0.0000  0.0000  0.0000
  0.0000  0.0000  0.0000  0.0000  0.0000

39   2 2
spin component  1
  0.0000  0.0000  0.0000  0.0000  0.0000
  0.0000  0.0000  0.0000  0.0000  0.0000
  0.0000  0.0000  0.0000  0.0000  0.0000
  0.0000  0.0000  0.0000  0.0000  0.0000
  0.0000  0.0000  0.0000  0.0000  0.0000
spin component  2
  0.0000  0.0000  0.0000  0.0000  0.0000
  0.0000  0.0000  0.0000  0.0000  0.0000
  0.0000  0.0000  0.0000  0.0000  0.0000
  0.0000  0.0000  0.0000  0.0000  0.0000
  0.0000  0.0000  0.0000  0.0000  0.0000

40   2 2
spin component  1
  0.0000  0.0000  0.0000  0.0000  0.0000
  0.0000  0.0000  0.0000  0.0000  0.0000
  0.0000  0.0000  0.0000  0.0000  0.0000
  0.0000  0.0000  0.0000  0.0000  0.0000
  0.0000  0.0000  0.0000  0.0000  0.0000
spin component  2
  0.0000  0.0000  0.0000  0.0000  0.0000
  0.0000  0.0000  0.0000  0.0000  0.0000
  0.0000  0.0000  0.0000  0.0000  0.0000
  0.0000  0.0000  0.0000  0.0000  0.0000
  0.0000  0.0000  0.0000  0.0000  0.0000

41   2 2
spin component  1
  0.0000  0.0000  0.0000  0.0000  0.0000
  0.0000  0.0000  0.0000  0.0000  0.0000
  0.0000  0.0000  0.0000  0.0000  0.0000
  0.0000  0.0000  0.0000  0.0000  0.0000
  0.0000  0.0000  0.0000  0.0000  0.0000
spin component  2
  0.0000  0.0000  0.0000  0.0000  0.0000
  0.0000  0.0000  0.0000  0.0000  0.0000
  0.0000  0.0000  0.0000  0.0000  0.0000
  0.0000  0.0000  0.0000  0.0000  0.0000
  0.0000  0.0000  0.0000  0.0000  0.0000

42   2 2
spin component  1
  0.0000  0.0000  0.0000  0.0000  0.0000
  0.0000  0.0000  0.0000  0.0000  0.0000
  0.0000  0.0000  0.0000  0.0000  0.0000
  0.0000  0.0000  0.0000  0.0000  0.0000
  0.0000  0.0000  0.0000  0.0000  0.0000
spin component  2
  0.0000  0.0000  0.0000  0.0000  0.0000
  0.0000  0.0000  0.0000  0.0000  0.0000
  0.0000  0.0000  0.0000  0.0000  0.0000
  0.0000  0.0000  0.0000  0.0000  0.0000
  0.0000  0.0000  0.0000  0.0000  0.0000

43   2 2
spin component  1
  0.0000  0.0000  0.0000  0.0000  0.0000
  0.0000  0.0000  0.0000  0.0000  0.0000
  0.0000  0.0000  0.0000  0.0000  0.0000
  0.0000  0.0000  0.0000  0.0000  0.0000
  0.0000  0.0000  0.0000  0.0000  0.0000
spin component  2
  0.0000  0.0000  0.0000  0.0000  0.0000
  0.0000  0.0000  0.0000  0.0000  0.0000
  0.0000  0.0000  0.0000  0.0000  0.0000
  0.0000  0.0000  0.0000  0.0000  0.0000
  0.0000  0.0000  0.0000  0.0000  0.0000

44   2 2
spin component  1
  0.0000  0.0000  0.0000  0.0000  0.0000
  0.0000  0.0000  0.0000  0.0000  0.0000
  0.0000  0.0000  0.0000  0.0000  0.0000
  0.0000  0.0000  0.0000  0.0000  0.0000
  0.0000  0.0000  0.0000  0.0000  0.0000
spin component  2
  0.0000  0.0000  0.0000  0.0000  0.0000
  0.0000  0.0000  0.0000  0.0000  0.0000
  0.0000  0.0000  0.0000  0.0000  0.0000
  0.0000  0.0000  0.0000  0.0000  0.0000
  0.0000  0.0000  0.0000  0.0000  0.0000

45   2 2
spin component  1
  0.0000  0.0000  0.0000  0.0000  0.0000
  0.0000  0.0000  0.0000  0.0000  0.0000
  0.0000  0.0000  0.0000  0.0000  0.0000
  0.0000  0.0000  0.0000  0.0000  0.0000
  0.0000  0.0000  0.0000  0.0000  0.0000
spin component  2
  0.0000  0.0000  0.0000  0.0000  0.0000
  0.0000  0.0000  0.0000  0.0000  0.0000
  0.0000  0.0000  0.0000  0.0000  0.0000
  0.0000  0.0000  0.0000  0.0000  0.0000
  0.0000  0.0000  0.0000  0.0000  0.0000

46   2 2
spin component  1
  0.0000  0.0000  0.0000  0.0000  0.0000
  0.0000  0.0000  0.0000  0.0000  0.0000
  0.0000  0.0000  0.0000  0.0000  0.0000
  0.0000  0.0000  0.0000  0.0000  0.0000
  0.0000  0.0000  0.0000  0.0000  0.0000
spin component  2
  0.0000  0.0000  0.0000  0.0000  0.0000
  0.0000  0.0000  0.0000  0.0000  0.0000
  0.0000  0.0000  0.0000  0.0000  0.0000
  0.0000  0.0000  0.0000  0.0000  0.0000
  0.0000  0.0000  0.0000  0.0000  0.0000

47   2 2
spin component  1
  0.0000  0.0000  0.0000  0.0000  0.0000
  0.0000  0.0000  0.0000  0.0000  0.0000
  0.0000  0.0000  0.0000  0.0000  0.0000
  0.0000  0.0000  0.0000  0.0000  0.0000
  0.0000  0.0000  0.0000  0.0000  0.0000
spin component  2
  0.0000  0.0000  0.0000  0.0000  0.0000
  0.0000  0.0000  0.0000  0.0000  0.0000
  0.0000  0.0000  0.0000  0.0000  0.0000
  0.0000  0.0000  0.0000  0.0000  0.0000
  0.0000  0.0000  0.0000  0.0000  0.0000

48   2 2
spin component  1
  0.0000  0.0000  0.0000  0.0000  0.0000
  0.0000  0.0000  0.0000  0.0000  0.0000
  0.0000  0.0000  0.0000  0.0000  0.0000
  0.0000  0.0000  0.0000  0.0000  0.0000
  0.0000  0.0000  0.0000  0.0000  0.0000
spin component  2
  0.0000  0.0000  0.0000  0.0000  0.0000
  0.0000  0.0000  0.0000  0.0000  0.0000
  0.0000  0.0000  0.0000  0.0000  0.0000
  0.0000  0.0000  0.0000  0.0000  0.0000
  0.0000  0.0000  0.0000  0.0000  0.0000

49   2 2
spin component  1
  0.0000  0.0000  0.0000  0.0000  0.0000
  0.0000  0.0000  0.0000  0.0000  0.0000
  0.0000  0.0000  0.0000  0.0000  0.0000
  0.0000  0.0000  0.0000  0.0000  0.0000
  0.0000  0.0000  0.0000  0.0000  0.0000
spin component  2
  0.0000  0.0000  0.0000  0.0000  0.0000
  0.0000  0.0000  0.0000  0.0000  0.0000
  0.0000  0.0000  0.0000  0.0000  0.0000
  0.0000  0.0000  0.0000  0.0000  0.0000
  0.0000  0.0000  0.0000  0.0000  0.0000

50   2 2
spin component  1
  0.0000  0.0000  0.0000  0.0000  0.0000
  0.0000  0.0000  0.0000  0.0000  0.0000
  0.0000  0.0000  0.0000  0.0000  0.0000
  0.0000  0.0000  0.0000  0.0000  0.0000
  0.0000  0.0000  0.0000  0.0000  0.0000
spin component  2
  0.0000  0.0000  0.0000  0.0000  0.0000
  0.0000  0.0000  0.0000  0.0000  0.0000
  0.0000  0.0000  0.0000  0.0000  0.0000
  0.0000  0.0000  0.0000  0.0000  0.0000
  0.0000  0.0000  0.0000  0.0000  0.0000

51   2 2
spin component  1
  0.0000  0.0000  0.0000  0.0000  0.0000
  0.0000  0.0000  0.0000  0.0000  0.0000
  0.0000  0.0000  0.0000  0.0000  0.0000
  0.0000  0.0000  0.0000  0.0000  0.0000
  0.0000  0.0000  0.0000  0.0000  0.0000
spin component  2
  0.0000  0.0000  0.0000  0.0000  0.0000
  0.0000  0.0000  0.0000  0.0000  0.0000
  0.0000  0.0000  0.0000  0.0000  0.0000
  0.0000  0.0000  0.0000  0.0000  0.0000
  0.0000  0.0000  0.0000  0.0000  0.0000

52   2 2
spin component  1
  0.0000  0.0000  0.0000  0.0000  0.0000
  0.0000  0.0000  0.0000  0.0000  0.0000
  0.0000  0.0000  0.0000  0.0000  0.0000
  0.0000  0.0000  0.0000  0.0000  0.0000
  0.0000  0.0000  0.0000  0.0000  0.0000
spin component  2
  0.0000  0.0000  0.0000  0.0000  0.0000
  0.0000  0.0000  0.0000  0.0000  0.0000
  0.0000  0.0000  0.0000  0.0000  0.0000
  0.0000  0.0000  0.0000  0.0000  0.0000
  0.0000  0.0000  0.0000  0.0000  0.0000

53   2 2
spin component  1
  0.0000  0.0000  0.0000  0.0000  0.0000
  0.0000  0.0000  0.0000  0.0000  0.0000
  0.0000  0.0000  0.0000  0.0000  0.0000
  0.0000  0.0000  0.0000  0.0000  0.0000
  0.0000  0.0000  0.0000  0.0000  0.0000
spin component  2
  0.0000  0.0000  0.0000  0.0000  0.0000
  0.0000  0.0000  0.0000  0.0000  0.0000
  0.0000  0.0000  0.0000  0.0000  0.0000
  0.0000  0.0000  0.0000  0.0000  0.0000
  0.0000  0.0000  0.0000  0.0000  0.0000

54   2 2
spin component  1
  0.0000  0.0000  0.0000  0.0000  0.0000
  0.0000  0.0000  0.0000  0.0000  0.0000
  0.0000  0.0000  0.0000  0.0000  0.0000
  0.0000  0.0000  0.0000  0.0000  0.0000
  0.0000  0.0000  0.0000  0.0000  0.0000
spin component  2
  0.0000  0.0000  0.0000  0.0000  0.0000
  0.0000  0.0000  0.0000  0.0000  0.0000
  0.0000  0.0000  0.0000  0.0000  0.0000
  0.0000  0.0000  0.0000  0.0000  0.0000
  0.0000  0.0000  0.0000  0.0000  0.0000

55   2 2
spin component  1
  0.0000  0.0000  0.0000  0.0000  0.0000
  0.0000  0.0000  0.0000  0.0000  0.0000
  0.0000  0.0000  0.0000  0.0000  0.0000
  0.0000  0.0000  0.0000  0.0000  0.0000
  0.0000  0.0000  0.0000  0.0000  0.0000
spin component  2
  0.0000  0.0000  0.0000  0.0000  0.0000
  0.0000  0.0000  0.0000  0.0000  0.0000
  0.0000  0.0000  0.0000  0.0000  0.0000
  0.0000  0.0000  0.0000  0.0000  0.0000
  0.0000  0.0000  0.0000  0.0000  0.0000

56   2 2
spin component  1
  0.0000  0.0000  0.0000  0.0000  0.0000
  0.0000  0.0000  0.0000  0.0000  0.0000
  0.0000  0.0000  0.0000  0.0000  0.0000
  0.0000  0.0000  0.0000  0.0000  0.0000
  0.0000  0.0000  0.0000  0.0000  0.0000
spin component  2
  0.0000  0.0000  0.0000  0.0000  0.0000
  0.0000  0.0000  0.0000  0.0000  0.0000
  0.0000  0.0000  0.0000  0.0000  0.0000
  0.0000  0.0000  0.0000  0.0000  0.0000
  0.0000  0.0000  0.0000  0.0000  0.0000

57   2 2
spin component  1
  0.0000  0.0000  0.0000  0.0000  0.0000
  0.0000  0.0000  0.0000  0.0000  0.0000
  0.0000  0.0000  0.0000  0.0000  0.0000
  0.0000  0.0000  0.0000  0.0000  0.0000
  0.0000  0.0000  0.0000  0.0000  0.0000
spin component  2
  0.0000  0.0000  0.0000  0.0000  0.0000
  0.0000  0.0000  0.0000  0.0000  0.0000
  0.0000  0.0000  0.0000  0.0000  0.0000
  0.0000  0.0000  0.0000  0.0000  0.0000
  0.0000  0.0000  0.0000  0.0000  0.0000

58   2 2
spin component  1
  0.0000  0.0000  0.0000  0.0000  0.0000
  0.0000  0.0000  0.0000  0.0000  0.0000
  0.0000  0.0000  0.0000  0.0000  0.0000
  0.0000  0.0000  0.0000  0.0000  0.0000
  0.0000  0.0000  0.0000  0.0000  0.0000
spin component  2
  0.0000  0.0000  0.0000  0.0000  0.0000
  0.0000  0.0000  0.0000  0.0000  0.0000
  0.0000  0.0000  0.0000  0.0000  0.0000
  0.0000  0.0000  0.0000  0.0000  0.0000
  0.0000  0.0000  0.0000  0.0000  0.0000

59   2 2
spin component  1
  0.0000  0.0000  0.0000  0.0000  0.0000
  0.0000  0.0000  0.0000  0.0000  0.0000
  0.0000  0.0000  0.0000  0.0000  0.0000
  0.0000  0.0000  0.0000  0.0000  0.0000
  0.0000  0.0000  0.0000  0.0000  0.0000
spin component  2
  0.0000  0.0000  0.0000  0.0000  0.0000
  0.0000  0.0000  0.0000  0.0000  0.0000
  0.0000  0.0000  0.0000  0.0000  0.0000
  0.0000  0.0000  0.0000  0.0000  0.0000
  0.0000  0.0000  0.0000  0.0000  0.0000

60   2 2
spin component  1
  0.0000  0.0000  0.0000  0.0000  0.0000
  0.0000  0.0000  0.0000  0.0000  0.0000
  0.0000  0.0000  0.0000  0.0000  0.0000
  0.0000  0.0000  0.0000  0.0000  0.0000
  0.0000  0.0000  0.0000  0.0000  0.0000
spin component  2
  0.0000  0.0000  0.0000  0.0000  0.0000
  0.0000  0.0000  0.0000  0.0000  0.0000
  0.0000  0.0000  0.0000  0.0000  0.0000
  0.0000  0.0000  0.0000  0.0000  0.0000
  0.0000  0.0000  0.0000  0.0000  0.0000

61   2 2
spin component  1
  0.0000  0.0000  0.0000  0.0000  0.0000
  0.0000  0.0000  0.0000  0.0000  0.0000
  0.0000  0.0000  0.0000  0.0000  0.0000
  0.0000  0.0000  0.0000  0.0000  0.0000
  0.0000  0.0000  0.0000  0.0000  0.0000
spin component  2
  0.0000  0.0000  0.0000  0.0000  0.0000
  0.0000  0.0000  0.0000  0.0000  0.0000
  0.0000  0.0000  0.0000  0.0000  0.0000
  0.0000  0.0000  0.0000  0.0000  0.0000
  0.0000  0.0000  0.0000  0.0000  0.0000

62   2 2
spin component  1
  0.0000  0.0000  0.0000  0.0000  0.0000
  0.0000  0.0000  0.0000  0.0000  0.0000
  0.0000  0.0000  0.0000  0.0000  0.0000
  0.0000  0.0000  0.0000  0.0000  0.0000
  0.0000  0.0000  0.0000  0.0000  0.0000
spin component  2
  0.0000  0.0000  0.0000  0.0000  0.0000
  0.0000  0.0000  0.0000  0.0000  0.0000
  0.0000  0.0000  0.0000  0.0000  0.0000
  0.0000  0.0000  0.0000  0.0000  0.0000
  0.0000  0.0000  0.0000  0.0000  0.0000

63   2 2
spin component  1
  0.0000  0.0000  0.0000  0.0000  0.0000
  0.0000  0.0000  0.0000  0.0000  0.0000
  0.0000  0.0000  0.0000  0.0000  0.0000
  0.0000  0.0000  0.0000  0.0000  0.0000
  0.0000  0.0000  0.0000  0.0000  0.0000
spin component  2
  0.0000  0.0000  0.0000  0.0000  0.0000
  0.0000  0.0000  0.0000  0.0000  0.0000
  0.0000  0.0000  0.0000  0.0000  0.0000
  0.0000  0.0000  0.0000  0.0000  0.0000
  0.0000  0.0000  0.0000  0.0000  0.0000

64   2 2
spin component  1
  0.0000  0.0000  0.0000  0.0000  0.0000
  0.0000  0.0000  0.0000  0.0000  0.0000
  0.0000  0.0000  0.0000  0.0000  0.0000
  0.0000  0.0000  0.0000  0.0000  0.0000
  0.0000  0.0000  0.0000  0.0000  0.0000
spin component  2
  0.0000  0.0000  0.0000  0.0000  0.0000
  0.0000  0.0000  0.0000  0.0000  0.0000
  0.0000  0.0000  0.0000  0.0000  0.0000
  0.0000  0.0000  0.0000  0.0000  0.0000
  0.0000  0.0000  0.0000  0.0000  0.0000

65   2 2
spin component  1
  0.0000  0.0000  0.0000  0.0000  0.0000
  0.0000  0.0000  0.0000  0.0000  0.0000
  0.0000  0.0000  0.0000  0.0000  0.0000
  0.0000  0.0000  0.0000  0.0000  0.0000
  0.0000  0.0000  0.0000  0.0000  0.0000
spin component  2
  0.0000  0.0000  0.0000  0.0000  0.0000
  0.0000  0.0000  0.0000  0.0000  0.0000
  0.0000  0.0000  0.0000  0.0000  0.0000
  0.0000  0.0000  0.0000  0.0000  0.0000
  0.0000  0.0000  0.0000  0.0000  0.0000

66   2 2
spin component  1
  0.0000  0.0000  0.0000  0.0000  0.0000
  0.0000  0.0000  0.0000  0.0000  0.0000
  0.0000  0.0000  0.0000  0.0000  0.0000
  0.0000  0.0000  0.0000  0.0000  0.0000
  0.0000  0.0000  0.0000  0.0000  0.0000
spin component  2
  0.0000  0.0000  0.0000  0.0000  0.0000
  0.0000  0.0000  0.0000  0.0000  0.0000
  0.0000  0.0000  0.0000  0.0000  0.0000
  0.0000  0.0000  0.0000  0.0000  0.0000
  0.0000  0.0000  0.0000  0.0000  0.0000

67   2 2
spin component  1
  0.0000  0.0000  0.0000  0.0000  0.0000
  0.0000  0.0000  0.0000  0.0000  0.0000
  0.0000  0.0000  0.0000  0.0000  0.0000
  0.0000  0.0000  0.0000  0.0000  0.0000
  0.0000  0.0000  0.0000  0.0000  0.0000
spin component  2
  0.0000  0.0000  0.0000  0.0000  0.0000
  0.0000  0.0000  0.0000  0.0000  0.0000
  0.0000  0.0000  0.0000  0.0000  0.0000
  0.0000  0.0000  0.0000  0.0000  0.0000
  0.0000  0.0000  0.0000  0.0000  0.0000

68   2 2
spin component  1
  0.0000  0.0000  0.0000  0.0000  0.0000
  0.0000  0.0000  0.0000  0.0000  0.0000
  0.0000  0.0000  0.0000  0.0000  0.0000
  0.0000  0.0000  0.0000  0.0000  0.0000
  0.0000  0.0000  0.0000  0.0000  0.0000
spin component  2
  0.0000  0.0000  0.0000  0.0000  0.0000
  0.0000  0.0000  0.0000  0.0000  0.0000
  0.0000  0.0000  0.0000  0.0000  0.0000
  0.0000  0.0000  0.0000  0.0000  0.0000
  0.0000  0.0000  0.0000  0.0000  0.0000

69   2 2
spin component  1
  0.0000  0.0000  0.0000  0.0000  0.0000
  0.0000  0.0000  0.0000  0.0000  0.0000
  0.0000  0.0000  0.0000  0.0000  0.0000
  0.0000  0.0000  0.0000  0.0000  0.0000
  0.0000  0.0000  0.0000  0.0000  0.0000
spin component  2
  0.0000  0.0000  0.0000  0.0000  0.0000
  0.0000  0.0000  0.0000  0.0000  0.0000
  0.0000  0.0000  0.0000  0.0000  0.0000
  0.0000  0.0000  0.0000  0.0000  0.0000
  0.0000  0.0000  0.0000  0.0000  0.0000

70   2 2
spin component  1
  0.0000  0.0000  0.0000  0.0000  0.0000
  0.0000  0.0000  0.0000  0.0000  0.0000
  0.0000  0.0000  0.0000  0.0000  0.0000
  0.0000  0.0000  0.0000  0.0000  0.0000
  0.0000  0.0000  0.0000  0.0000  0.0000
spin component  2
  0.0000  0.0000  0.0000  0.0000  0.0000
  0.0000  0.0000  0.0000  0.0000  0.0000
  0.0000  0.0000  0.0000  0.0000  0.0000
  0.0000  0.0000  0.0000  0.0000  0.0000
  0.0000  0.0000  0.0000  0.0000  0.0000

71   2 2
spin component  1
  0.0000  0.0000  0.0000  0.0000  0.0000
  0.0000  0.0000  0.0000  0.0000  0.0000
  0.0000  0.0000  0.0000  0.0000  0.0000
  0.0000  0.0000  0.0000  0.0000  0.0000
  0.0000  0.0000  0.0000  0.0000  0.0000
spin component  2
  0.0000  0.0000  0.0000  0.0000  0.0000
  0.0000  0.0000  0.0000  0.0000  0.0000
  0.0000  0.0000  0.0000  0.0000  0.0000
  0.0000  0.0000  0.0000  0.0000  0.0000
  0.0000  0.0000  0.0000  0.0000  0.0000

72   2 2
spin component  1
  0.0000  0.0000  0.0000  0.0000  0.0000
  0.0000  0.0000  0.0000  0.0000  0.0000
  0.0000  0.0000  0.0000  0.0000  0.0000
  0.0000  0.0000  0.0000  0.0000  0.0000
  0.0000  0.0000  0.0000  0.0000  0.0000
spin component  2
  0.0000  0.0000  0.0000  0.0000  0.0000
  0.0000  0.0000  0.0000  0.0000  0.0000
  0.0000  0.0000  0.0000  0.0000  0.0000
  0.0000  0.0000  0.0000  0.0000  0.0000
  0.0000  0.0000  0.0000  0.0000  0.0000

73   2 2
spin component  1
  0.0000  0.0000  0.0000  0.0000  0.0000
  0.0000  0.0000  0.0000  0.0000  0.0000
  0.0000  0.0000  0.0000  0.0000  0.0000
  0.0000  0.0000  0.0000  0.0000  0.0000
  0.0000  0.0000  0.0000  0.0000  0.0000
spin component  2
  0.0000  0.0000  0.0000  0.0000  0.0000
  0.0000  0.0000  0.0000  0.0000  0.0000
  0.0000  0.0000  0.0000  0.0000  0.0000
  0.0000  0.0000  0.0000  0.0000  0.0000
  0.0000  0.0000  0.0000  0.0000  0.0000

74   2 2
spin component  1
  0.0000  0.0000  0.0000  0.0000  0.0000
  0.0000  0.0000  0.0000  0.0000  0.0000
  0.0000  0.0000  0.0000  0.0000  0.0000
  0.0000  0.0000  0.0000  0.0000  0.0000
  0.0000  0.0000  0.0000  0.0000  0.0000
spin component  2
  0.0000  0.0000  0.0000  0.0000  0.0000
  0.0000  0.0000  0.0000  0.0000  0.0000
  0.0000  0.0000  0.0000  0.0000  0.0000
  0.0000  0.0000  0.0000  0.0000  0.0000
  0.0000  0.0000  0.0000  0.0000  0.0000

75   2 2
spin component  1
  0.0000  0.0000  0.0000  0.0000  0.0000
  0.0000  0.0000  0.0000  0.0000  0.0000
  0.0000  0.0000  0.0000  0.0000  0.0000
  0.0000  0.0000  0.0000  0.0000  0.0000
  0.0000  0.0000  0.0000  0.0000  0.0000
spin component  2
  0.0000  0.0000  0.0000  0.0000  0.0000
  0.0000  0.0000  0.0000  0.0000  0.0000
  0.0000  0.0000  0.0000  0.0000  0.0000
  0.0000  0.0000  0.0000  0.0000  0.0000
  0.0000  0.0000  0.0000  0.0000  0.0000

76   2 2
spin component  1
  0.0000  0.0000  0.0000  0.0000  0.0000
  0.0000  0.0000  0.0000  0.0000  0.0000
  0.0000  0.0000  0.0000  0.0000  0.0000
  0.0000  0.0000  0.0000  0.0000  0.0000
  0.0000  0.0000  0.0000  0.0000  0.0000
spin component  2
  0.0000  0.0000  0.0000  0.0000  0.0000
  0.0000  0.0000  0.0000  0.0000  0.0000
  0.0000  0.0000  0.0000  0.0000  0.0000
  0.0000  0.0000  0.0000  0.0000  0.0000
  0.0000  0.0000  0.0000  0.0000  0.0000

77   2 2
spin component  1
  0.0000  0.0000  0.0000  0.0000  0.0000
  0.0000  0.0000  0.0000  0.0000  0.0000
  0.0000  0.0000  0.0000  0.0000  0.0000
  0.0000  0.0000  0.0000  0.0000  0.0000
  0.0000  0.0000  0.0000  0.0000  0.0000
spin component  2
  0.0000  0.0000  0.0000  0.0000  0.0000
  0.0000  0.0000  0.0000  0.0000  0.0000
  0.0000  0.0000  0.0000  0.0000  0.0000
  0.0000  0.0000  0.0000  0.0000  0.0000
  0.0000  0.0000  0.0000  0.0000  0.0000

78   2 2
spin component  1
  0.0000  0.0000  0.0000  0.0000  0.0000
  0.0000  0.0000  0.0000  0.0000  0.0000
  0.0000  0.0000  0.0000  0.0000  0.0000
  0.0000  0.0000  0.0000  0.0000  0.0000
  0.0000  0.0000  0.0000  0.0000  0.0000
spin component  2
  0.0000  0.0000  0.0000  0.0000  0.0000
  0.0000  0.0000  0.0000  0.0000  0.0000
  0.0000  0.0000  0.0000  0.0000  0.0000
  0.0000  0.0000  0.0000  0.0000  0.0000
  0.0000  0.0000  0.0000  0.0000  0.0000

79   2 2
spin component  1
  0.0000  0.0000  0.0000  0.0000  0.0000
  0.0000  0.0000  0.0000  0.0000  0.0000
  0.0000  0.0000  0.0000  0.0000  0.0000
  0.0000  0.0000  0.0000  0.0000  0.0000
  0.0000  0.0000  0.0000  0.0000  0.0000
spin component  2
  0.0000  0.0000  0.0000  0.0000  0.0000
  0.0000  0.0000  0.0000  0.0000  0.0000
  0.0000  0.0000  0.0000  0.0000  0.0000
  0.0000  0.0000  0.0000  0.0000  0.0000
  0.0000  0.0000  0.0000  0.0000  0.0000

80   2 2
spin component  1
  0.0000  0.0000  0.0000  0.0000  0.0000
  0.0000  0.0000  0.0000  0.0000  0.0000
  0.0000  0.0000  0.0000  0.0000  0.0000
  0.0000  0.0000  0.0000  0.0000  0.0000
  0.0000  0.0000  0.0000  0.0000  0.0000
spin component  2
  0.0000  0.0000  0.0000  0.0000  0.0000
  0.0000  0.0000  0.0000  0.0000  0.0000
  0.0000  0.0000  0.0000  0.0000  0.0000
  0.0000  0.0000  0.0000  0.0000  0.0000
  0.0000  0.0000  0.0000  0.0000  0.0000

81   2 2
spin component  1
  0.0000  0.0000  0.0000  0.0000  0.0000
  0.0000  0.0000  0.0000  0.0000  0.0000
  0.0000  0.0000  0.0000  0.0000  0.0000
  0.0000  0.0000  0.0000  0.0000  0.0000
  0.0000  0.0000  0.0000  0.0000  0.0000
spin component  2
  0.0000  0.0000  0.0000  0.0000  0.0000
  0.0000  0.0000  0.0000  0.0000  0.0000
  0.0000  0.0000  0.0000  0.0000  0.0000
  0.0000  0.0000  0.0000  0.0000  0.0000
  0.0000  0.0000  0.0000  0.0000  0.0000

82   2 2
spin component  1
  0.0000  0.0000  0.0000  0.0000  0.0000
  0.0000  0.0000  0.0000  0.0000  0.0000
  0.0000  0.0000  0.0000  0.0000  0.0000
  0.0000  0.0000  0.0000  0.0000  0.0000
  0.0000  0.0000  0.0000  0.0000  0.0000
spin component  2
  0.0000  0.0000  0.0000  0.0000  0.0000
  0.0000  0.0000  0.0000  0.0000  0.0000
  0.0000  0.0000  0.0000  0.0000  0.0000
  0.0000  0.0000  0.0000  0.0000  0.0000
  0.0000  0.0000  0.0000  0.0000  0.0000

83   2 2
spin component  1
  0.0000  0.0000  0.0000  0.0000  0.0000
  0.0000  0.0000  0.0000  0.0000  0.0000
  0.0000  0.0000  0.0000  0.0000  0.0000
  0.0000  0.0000  0.0000  0.0000  0.0000
  0.0000  0.0000  0.0000  0.0000  0.0000
spin component  2
  0.0000  0.0000  0.0000  0.0000  0.0000
  0.0000  0.0000  0.0000  0.0000  0.0000
  0.0000  0.0000  0.0000  0.0000  0.0000
  0.0000  0.0000  0.0000  0.0000  0.0000
  0.0000  0.0000  0.0000  0.0000  0.0000

84   2 2
spin component  1
  0.0000  0.0000  0.0000  0.0000  0.0000
  0.0000  0.0000  0.0000  0.0000  0.0000
  0.0000  0.0000  0.0000  0.0000  0.0000
  0.0000  0.0000  0.0000  0.0000  0.0000
  0.0000  0.0000  0.0000  0.0000  0.0000
spin component  2
  0.0000  0.0000  0.0000  0.0000  0.0000
  0.0000  0.0000  0.0000  0.0000  0.0000
  0.0000  0.0000  0.0000  0.0000  0.0000
  0.0000  0.0000  0.0000  0.0000  0.0000
  0.0000  0.0000  0.0000  0.0000  0.0000

85   2 2
spin component  1
  0.0000  0.0000  0.0000  0.0000  0.0000
  0.0000  0.0000  0.0000  0.0000  0.0000
  0.0000  0.0000  0.0000  0.0000  0.0000
  0.0000  0.0000  0.0000  0.0000  0.0000
  0.0000  0.0000  0.0000  0.0000  0.0000
spin component  2
  0.0000  0.0000  0.0000  0.0000  0.0000
  0.0000  0.0000  0.0000  0.0000  0.0000
  0.0000  0.0000  0.0000  0.0000  0.0000
  0.0000  0.0000  0.0000  0.0000  0.0000
  0.0000  0.0000  0.0000  0.0000  0.0000

86   2 2
spin component  1
  0.0000  0.0000  0.0000  0.0000  0.0000
  0.0000  0.0000  0.0000  0.0000  0.0000
  0.0000  0.0000  0.0000  0.0000  0.0000
  0.0000  0.0000  0.0000  0.0000  0.0000
  0.0000  0.0000  0.0000  0.0000  0.0000
spin component  2
  0.0000  0.0000  0.0000  0.0000  0.0000
  0.0000  0.0000  0.0000  0.0000  0.0000
  0.0000  0.0000  0.0000  0.0000  0.0000
  0.0000  0.0000  0.0000  0.0000  0.0000
  0.0000  0.0000  0.0000  0.0000  0.0000

87   2 2
spin component  1
  0.0000  0.0000  0.0000  0.0000  0.0000
  0.0000  0.0000  0.0000  0.0000  0.0000
  0.0000  0.0000  0.0000  0.0000  0.0000
  0.0000  0.0000  0.0000  0.0000  0.0000
  0.0000  0.0000  0.0000  0.0000  0.0000
spin component  2
  0.0000  0.0000  0.0000  0.0000  0.0000
  0.0000  0.0000  0.0000  0.0000  0.0000
  0.0000  0.0000  0.0000  0.0000  0.0000
  0.0000  0.0000  0.0000  0.0000  0.0000
  0.0000  0.0000  0.0000  0.0000  0.0000

88   2 2
spin component  1
  0.0000  0.0000  0.0000  0.0000  0.0000
  0.0000  0.0000  0.0000  0.0000  0.0000
  0.0000  0.0000  0.0000  0.0000  0.0000
  0.0000  0.0000  0.0000  0.0000  0.0000
  0.0000  0.0000  0.0000  0.0000  0.0000
spin component  2
  0.0000  0.0000  0.0000  0.0000  0.0000
  0.0000  0.0000  0.0000  0.0000  0.0000
  0.0000  0.0000  0.0000  0.0000  0.0000
  0.0000  0.0000  0.0000  0.0000  0.0000
  0.0000  0.0000  0.0000  0.0000  0.0000

89   2 2
spin component  1
  0.0000  0.0000  0.0000  0.0000  0.0000
  0.0000  0.0000  0.0000  0.0000  0.0000
  0.0000  0.0000  0.0000  0.0000  0.0000
  0.0000  0.0000  0.0000  0.0000  0.0000
  0.0000  0.0000  0.0000  0.0000  0.0000
spin component  2
  0.0000  0.0000  0.0000  0.0000  0.0000
  0.0000  0.0000  0.0000  0.0000  0.0000
  0.0000  0.0000  0.0000  0.0000  0.0000
  0.0000  0.0000  0.0000  0.0000  0.0000
  0.0000  0.0000  0.0000  0.0000  0.0000

90   2 2
spin component  1
  0.0000  0.0000  0.0000  0.0000  0.0000
  0.0000  0.0000  0.0000  0.0000  0.0000
  0.0000  0.0000  0.0000  0.0000  0.0000
  0.0000  0.0000  0.0000  0.0000  0.0000
  0.0000  0.0000  0.0000  0.0000  0.0000
spin component  2
  0.0000  0.0000  0.0000  0.0000  0.0000
  0.0000  0.0000  0.0000  0.0000  0.0000
  0.0000  0.0000  0.0000  0.0000  0.0000
  0.0000  0.0000  0.0000  0.0000  0.0000
  0.0000  0.0000  0.0000  0.0000  0.0000

91   2 2
spin component  1
  0.0000  0.0000  0.0000  0.0000  0.0000
  0.0000  0.0000  0.0000  0.0000  0.0000
  0.0000  0.0000  0.0000  0.0000  0.0000
  0.0000  0.0000  0.0000  0.0000  0.0000
  0.0000  0.0000  0.0000  0.0000  0.0000
spin component  2
  0.0000  0.0000  0.0000  0.0000  0.0000
  0.0000  0.0000  0.0000  0.0000  0.0000
  0.0000  0.0000  0.0000  0.0000  0.0000
  0.0000  0.0000  0.0000  0.0000  0.0000
  0.0000  0.0000  0.0000  0.0000  0.0000

92   2 2
spin component  1
  0.0000  0.0000  0.0000  0.0000  0.0000
  0.0000  0.0000  0.0000  0.0000  0.0000
  0.0000  0.0000  0.0000  0.0000  0.0000
  0.0000  0.0000  0.0000  0.0000  0.0000
  0.0000  0.0000  0.0000  0.0000  0.0000
spin component  2
  0.0000  0.0000  0.0000  0.0000  0.0000
  0.0000  0.0000  0.0000  0.0000  0.0000
  0.0000  0.0000  0.0000  0.0000  0.0000
  0.0000  0.0000  0.0000  0.0000  0.0000
  0.0000  0.0000  0.0000  0.0000  0.0000

93   2 2
spin component  1
  0.0000  0.0000  0.0000  0.0000  0.0000
  0.0000  0.0000  0.0000  0.0000  0.0000
  0.0000  0.0000  0.0000  0.0000  0.0000
  0.0000  0.0000  0.0000  0.0000  0.0000
  0.0000  0.0000  0.0000  0.0000  0.0000
spin component  2
  0.0000  0.0000  0.0000  0.0000  0.0000
  0.0000  0.0000  0.0000  0.0000  0.0000
  0.0000  0.0000  0.0000  0.0000  0.0000
  0.0000  0.0000  0.0000  0.0000  0.0000
  0.0000  0.0000  0.0000  0.0000  0.0000

94   2 2
spin component  1
  0.0000  0.0000  0.0000  0.0000  0.0000
  0.0000  0.0000  0.0000  0.0000  0.0000
  0.0000  0.0000  0.0000  0.0000  0.0000
  0.0000  0.0000  0.0000  0.0000  0.0000
  0.0000  0.0000  0.0000  0.0000  0.0000
spin component  2
  0.0000  0.0000  0.0000  0.0000  0.0000
  0.0000  0.0000  0.0000  0.0000  0.0000
  0.0000  0.0000  0.0000  0.0000  0.0000
  0.0000  0.0000  0.0000  0.0000  0.0000
  0.0000  0.0000  0.0000  0.0000  0.0000

95   2 2
spin component  1
  0.0000  0.0000  0.0000  0.0000  0.0000
  0.0000  0.0000  0.0000  0.0000  0.0000
  0.0000  0.0000  0.0000  0.0000  0.0000
  0.0000  0.0000  0.0000  0.0000  0.0000
  0.0000  0.0000  0.0000  0.0000  0.0000
spin component  2
  0.0000  0.0000  0.0000  0.0000  0.0000
  0.0000  0.0000  0.0000  0.0000  0.0000
  0.0000  0.0000  0.0000  0.0000  0.0000
  0.0000  0.0000  0.0000  0.0000  0.0000
  0.0000  0.0000  0.0000  0.0000  0.0000

96   2 2
spin component  1
  0.0000  0.0000  0.0000  0.0000  0.0000
  0.0000  0.0000  0.0000  0.0000  0.0000
  0.0000  0.0000  0.0000  0.0000  0.0000
  0.0000  0.0000  0.0000  0.0000  0.0000
  0.0000  0.0000  0.0000  0.0000  0.0000
spin component  2
  0.0000  0.0000  0.0000  0.0000  0.0000
  0.0000  0.0000  0.0000  0.0000  0.0000
  0.0000  0.0000  0.0000  0.0000  0.0000
  0.0000  0.0000  0.0000  0.0000  0.0000
  0.0000  0.0000  0.0000  0.0000  0.0000

97   2 2
spin component  1
  0.0000  0.0000  0.0000  0.0000  0.0000
  0.0000  0.0000  0.0000  0.0000  0.0000
  0.0000  0.0000  0.0000  0.0000  0.0000
  0.0000  0.0000  0.0000  0.0000  0.0000
  0.0000  0.0000  0.0000  0.0000  0.0000
spin component  2
  0.0000  0.0000  0.0000  0.0000  0.0000
  0.0000  0.0000  0.0000  0.0000  0.0000
  0.0000  0.0000  0.0000  0.0000  0.0000
  0.0000  0.0000  0.0000  0.0000  0.0000
  0.0000  0.0000  0.0000  0.0000  0.0000

98   2 2
spin component  1
  0.0000  0.0000  0.0000  0.0000  0.0000
  0.0000  0.0000  0.0000  0.0000  0.0000
  0.0000  0.0000  0.0000  0.0000  0.0000
  0.0000  0.0000  0.0000  0.0000  0.0000
  0.0000  0.0000  0.0000  0.0000  0.0000
spin component  2
  0.0000  0.0000  0.0000  0.0000  0.0000
  0.0000  0.0000  0.0000  0.0000  0.0000
  0.0000  0.0000  0.0000  0.0000  0.0000
  0.0000  0.0000  0.0000  0.0000  0.0000
  0.0000  0.0000  0.0000  0.0000  0.0000

99   2 2
spin component  1
  0.0000  0.0000  0.0000  0.0000  0.0000
  0.0000  0.0000  0.0000  0.0000  0.0000
  0.0000  0.0000  0.0000  0.0000  0.0000
  0.0000  0.0000  0.0000  0.0000  0.0000
  0.0000  0.0000  0.0000  0.0000  0.0000
spin component  2
  0.0000  0.0000  0.0000  0.0000  0.0000
  0.0000  0.0000  0.0000  0.0000  0.0000
  0.0000  0.0000  0.0000  0.0000  0.0000
  0.0000  0.0000  0.0000  0.0000  0.0000
  0.0000  0.0000  0.0000  0.0000  0.0000

100   2 2
spin component  1
  0.0000  0.0000  0.0000  0.0000  0.0000
  0.0000  0.0000  0.0000  0.0000  0.0000
  0.0000  0.0000  0.0000  0.0000  0.0000
  0.0000  0.0000  0.0000  0.0000  0.0000
  0.0000  0.0000  0.0000  0.0000  0.0000
spin component  2
  0.0000  0.0000  0.0000  0.0000  0.0000
  0.0000  0.0000  0.0000  0.0000  0.0000
  0.0000  0.0000  0.0000  0.0000  0.0000
  0.0000  0.0000  0.0000  0.0000  0.0000
  0.0000  0.0000  0.0000  0.0000  0.0000

101   2 2
spin component  1
  0.0000  0.0000  0.0000  0.0000  0.0000
  0.0000  0.0000  0.0000  0.0000  0.0000
  0.0000  0.0000  0.0000  0.0000  0.0000
  0.0000  0.0000  0.0000  0.0000  0.0000
  0.0000  0.0000  0.0000  0.0000  0.0000
spin component  2
  0.0000  0.0000  0.0000  0.0000  0.0000
  0.0000  0.0000  0.0000  0.0000  0.0000
  0.0000  0.0000  0.0000  0.0000  0.0000
  0.0000  0.0000  0.0000  0.0000  0.0000
  0.0000  0.0000  0.0000  0.0000  0.0000

102   2 2
spin component  1
  0.0000  0.0000  0.0000  0.0000  0.0000
  0.0000  0.0000  0.0000  0.0000  0.0000
  0.0000  0.0000  0.0000  0.0000  0.0000
  0.0000  0.0000  0.0000  0.0000  0.0000
  0.0000  0.0000  0.0000  0.0000  0.0000
spin component  2
  0.0000  0.0000  0.0000  0.0000  0.0000
  0.0000  0.0000  0.0000  0.0000  0.0000
  0.0000  0.0000  0.0000  0.0000  0.0000
  0.0000  0.0000  0.0000  0.0000  0.0000
  0.0000  0.0000  0.0000  0.0000  0.0000

103   2 2
spin component  1
  0.0000  0.0000  0.0000  0.0000  0.0000
  0.0000  0.0000  0.0000  0.0000  0.0000
  0.0000  0.0000  0.0000  0.0000  0.0000
  0.0000  0.0000  0.0000  0.0000  0.0000
  0.0000  0.0000  0.0000  0.0000  0.0000
spin component  2
  0.0000  0.0000  0.0000  0.0000  0.0000
  0.0000  0.0000  0.0000  0.0000  0.0000
  0.0000  0.0000  0.0000  0.0000  0.0000
  0.0000  0.0000  0.0000  0.0000  0.0000
  0.0000  0.0000  0.0000  0.0000  0.0000

104   2 2
spin component  1
  0.0000  0.0000  0.0000  0.0000  0.0000
  0.0000  0.0000  0.0000  0.0000  0.0000
  0.0000  0.0000  0.0000  0.0000  0.0000
  0.0000  0.0000  0.0000  0.0000  0.0000
  0.0000  0.0000  0.0000  0.0000  0.0000
spin component  2
  0.0000  0.0000  0.0000  0.0000  0.0000
  0.0000  0.0000  0.0000  0.0000  0.0000
  0.0000  0.0000  0.0000  0.0000  0.0000
  0.0000  0.0000  0.0000  0.0000  0.0000
  0.0000  0.0000  0.0000  0.0000  0.0000

105   2 2
spin component  1
  0.0000  0.0000  0.0000  0.0000  0.0000
  0.0000  0.0000  0.0000  0.0000  0.0000
  0.0000  0.0000  0.0000  0.0000  0.0000
  0.0000  0.0000  0.0000  0.0000  0.0000
  0.0000  0.0000  0.0000  0.0000  0.0000
spin component  2
  0.0000  0.0000  0.0000  0.0000  0.0000
  0.0000  0.0000  0.0000  0.0000  0.0000
  0.0000  0.0000  0.0000  0.0000  0.0000
  0.0000  0.0000  0.0000  0.0000  0.0000
  0.0000  0.0000  0.0000  0.0000  0.0000

106   2 2
spin component  1
  0.0000  0.0000  0.0000  0.0000  0.0000
  0.0000  0.0000  0.0000  0.0000  0.0000
  0.0000  0.0000  0.0000  0.0000  0.0000
  0.0000  0.0000  0.0000  0.0000  0.0000
  0.0000  0.0000  0.0000  0.0000  0.0000
spin component  2
  0.0000  0.0000  0.0000  0.0000  0.0000
  0.0000  0.0000  0.0000  0.0000  0.0000
  0.0000  0.0000  0.0000  0.0000  0.0000
  0.0000  0.0000  0.0000  0.0000  0.0000
  0.0000  0.0000  0.0000  0.0000  0.0000

107   2 2
spin component  1
  0.0000  0.0000  0.0000  0.0000  0.0000
  0.0000  0.0000  0.0000  0.0000  0.0000
  0.0000  0.0000  0.0000  0.0000  0.0000
  0.0000  0.0000  0.0000  0.0000  0.0000
  0.0000  0.0000  0.0000  0.0000  0.0000
spin component  2
  0.0000  0.0000  0.0000  0.0000  0.0000
  0.0000  0.0000  0.0000  0.0000  0.0000
  0.0000  0.0000  0.0000  0.0000  0.0000
  0.0000  0.0000  0.0000  0.0000  0.0000
  0.0000  0.0000  0.0000  0.0000  0.0000

108   2 2
spin component  1
  0.0000  0.0000  0.0000  0.0000  0.0000
  0.0000  0.0000  0.0000  0.0000  0.0000
  0.0000  0.0000  0.0000  0.0000  0.0000
  0.0000  0.0000  0.0000  0.0000  0.0000
  0.0000  0.0000  0.0000  0.0000  0.0000
spin component  2
  0.0000  0.0000  0.0000  0.0000  0.0000
  0.0000  0.0000  0.0000  0.0000  0.0000
  0.0000  0.0000  0.0000  0.0000  0.0000
  0.0000  0.0000  0.0000  0.0000  0.0000
  0.0000  0.0000  0.0000  0.0000  0.0000
