
1   2 2
spin component  1
  0.1448  0.0000 -0.0000 -0.0001  0.0000
  0.0000  0.1472 -0.0000  0.0000 -0.0001
 -0.0000 -0.0000  0.1755  0.0000 -0.0003
 -0.0001  0.0000  0.0000  0.1475  0.0000
  0.0000 -0.0001 -0.0003  0.0000  0.1805
spin component  2
  0.1448  0.0000  0.0000 -0.0000 -0.0000
  0.0000  0.1472  0.0000 -0.0000 -0.0001
  0.0000  0.0000  0.1754 -0.0000 -0.0002
 -0.0000 -0.0000 -0.0000  0.1474 -0.0000
 -0.0000 -0.0001 -0.0002 -0.0000  0.1805

2   2 2
spin component  1
  0.1448 -0.0001 -0.0001 -0.0002 -0.0000
 -0.0001  0.1472 -0.0001  0.0000  0.0000
 -0.0001 -0.0001  0.1754 -0.0000  0.0000
 -0.0002  0.0000 -0.0000  0.1472 -0.0000
 -0.0000  0.0000  0.0000 -0.0000  0.1802
spin component  2
  0.1447 -0.0001 -0.0001 -0.0002 -0.0001
 -0.0001  0.1472 -0.0001  0.0000  0.0000
 -0.0001 -0.0001  0.1754 -0.0001  0.0000
 -0.0002  0.0000 -0.0001  0.1472  0.0000
 -0.0001  0.0000  0.0000  0.0000  0.1802

3   2 2
spin component  1
  0.1447  0.0001  0.0001 -0.0002  0.0000
  0.0001  0.1472 -0.0001 -0.0000  0.0000
  0.0001 -0.0001  0.1754  0.0000  0.0000
 -0.0002 -0.0000  0.0000  0.1472 -0.0000
  0.0000  0.0000  0.0000 -0.0000  0.1801
spin component  2
  0.1447  0.0001  0.0001 -0.0001  0.0001
  0.0001  0.1472 -0.0001 -0.0001  0.0000
  0.0001 -0.0001  0.1754  0.0001  0.0000
 -0.0001 -0.0001  0.0001  0.1472  0.0000
  0.0001  0.0000  0.0000  0.0000  0.1803

4   2 2
spin component  1
  0.1449 -0.0000  0.0000 -0.0000  0.0000
 -0.0000  0.1475  0.0000  0.0000  0.0000
  0.0000  0.0000  0.1754  0.0000  0.0001
 -0.0000  0.0000  0.0000  0.1473  0.0000
  0.0000  0.0000  0.0001  0.0000  0.1807
spin component  2
  0.1449  0.0000  0.0000  0.0000 -0.0000
  0.0000  0.1474 -0.0000 -0.0000 -0.0000
  0.0000 -0.0000  0.1752 -0.0000  0.0001
  0.0000 -0.0000 -0.0000  0.1473 -0.0000
 -0.0000 -0.0000  0.0001 -0.0000  0.1808

5   2 2
spin component  1
  0.1448 -0.0000  0.0000  0.0000  0.0000
 -0.0000  0.1474  0.0000  0.0000  0.0000
  0.0000  0.0000  0.1752  0.0001  0.0003
  0.0000  0.0000  0.0001  0.1472  0.0000
  0.0000  0.0000  0.0003  0.0000  0.1804
spin component  2
  0.1448 -0.0001 -0.0000 -0.0000 -0.0000
 -0.0001  0.1475 -0.0000 -0.0000 -0.0000
 -0.0000 -0.0000  0.1751  0.0001  0.0002
 -0.0000 -0.0000  0.0001  0.1472  0.0000
 -0.0000 -0.0000  0.0002  0.0000  0.1805

6   2 2
spin component  1
  0.1448  0.0000  0.0000  0.0000  0.0000
  0.0000  0.1475  0.0000 -0.0000  0.0000
  0.0000  0.0000  0.1751 -0.0001  0.0002
  0.0000 -0.0000 -0.0001  0.1472 -0.0000
  0.0000  0.0000  0.0002 -0.0000  0.1805
spin component  2
  0.1448  0.0001 -0.0000 -0.0000 -0.0000
  0.0001  0.1474 -0.0000  0.0000 -0.0000
 -0.0000 -0.0000  0.1751 -0.0001  0.0002
 -0.0000  0.0000 -0.0001  0.1472 -0.0000
 -0.0000 -0.0000  0.0002 -0.0000  0.1804

7   2 2
spin component  1
  0.1448  0.0000 -0.0000  0.0000  0.0000
  0.0000  0.1472 -0.0000  0.0000  0.0001
 -0.0000 -0.0000  0.1754  0.0000 -0.0002
  0.0000  0.0000  0.0000  0.1475 -0.0000
  0.0000  0.0001 -0.0002 -0.0000  0.1804
spin component  2
  0.1448 -0.0000  0.0000  0.0001 -0.0000
 -0.0000  0.1472  0.0000 -0.0000  0.0001
  0.0000  0.0000  0.1755  0.0000 -0.0002
  0.0001 -0.0000  0.0000  0.1474  0.0000
 -0.0000  0.0001 -0.0002  0.0000  0.1806

8   2 2
spin component  1
  0.1448 -0.0001  0.0001  0.0001  0.0001
 -0.0001  0.1472  0.0001 -0.0000 -0.0000
  0.0001  0.0001  0.1755 -0.0000  0.0000
  0.0001 -0.0000 -0.0000  0.1472  0.0000
  0.0001 -0.0000  0.0000  0.0000  0.1802
spin component  2
  0.1447 -0.0001  0.0001  0.0002  0.0000
 -0.0001  0.1472  0.0001 -0.0000 -0.0000
  0.0001  0.0001  0.1754 -0.0001  0.0000
  0.0002 -0.0000 -0.0001  0.1472 -0.0001
  0.0000 -0.0000  0.0000 -0.0001  0.1802

9   2 2
spin component  1
  0.1448  0.0002 -0.0001  0.0002 -0.0000
  0.0002  0.1472  0.0001  0.0000 -0.0000
 -0.0001  0.0001  0.1754  0.0001 -0.0000
  0.0002  0.0000  0.0001  0.1472 -0.0000
 -0.0000 -0.0000 -0.0000 -0.0000  0.1802
spin component  2
  0.1447  0.0001 -0.0001  0.0002 -0.0001
  0.0001  0.1472  0.0001  0.0000 -0.0000
 -0.0001  0.0001  0.1754  0.0001  0.0000
  0.0002  0.0000  0.0001  0.1472  0.0000
 -0.0001 -0.0000  0.0000  0.0000  0.1802

10   2 2
spin component  1
  0.1448 -0.0001 -0.0001 -0.0001 -0.0002
 -0.0001  0.1474  0.0001  0.0000  0.0001
 -0.0001  0.0001  0.1751  0.0000  0.0001
 -0.0001  0.0000  0.0000  0.1474  0.0000
 -0.0002  0.0001  0.0001  0.0000  0.1803
spin component  2
  0.1448 -0.0001 -0.0001 -0.0001 -0.0002
 -0.0001  0.1474  0.0000  0.0000  0.0001
 -0.0001  0.0000  0.1751  0.0000  0.0000
 -0.0001  0.0000  0.0000  0.1473 -0.0000
 -0.0002  0.0001  0.0000 -0.0000  0.1804

11   2 2
spin component  1
  0.1459 -0.0000 -0.0000 -0.0004 -0.0000
 -0.0000  0.1478  0.0006  0.0000  0.0009
 -0.0000  0.0006  0.1744 -0.0000  0.0014
 -0.0004  0.0000 -0.0000  0.1473 -0.0000
 -0.0000  0.0009  0.0014 -0.0000  0.1807
spin component  2
  0.1444 -0.0000  0.0000 -0.0002  0.0000
 -0.0000  0.1479  0.0007 -0.0000  0.0010
  0.0000  0.0007  0.1745  0.0000  0.0015
 -0.0002 -0.0000  0.0000  0.1471  0.0000
  0.0000  0.0010  0.0015  0.0000  0.1809

12   2 2
spin component  1
  0.1449  0.0001  0.0001 -0.0001  0.0002
  0.0001  0.1474  0.0001 -0.0000  0.0001
  0.0001  0.0001  0.1751 -0.0000  0.0000
 -0.0001 -0.0000 -0.0000  0.1474 -0.0000
  0.0002  0.0001  0.0000 -0.0000  0.1805
spin component  2
  0.1448  0.0001  0.0001 -0.0001  0.0002
  0.0001  0.1474  0.0001 -0.0000  0.0001
  0.0001  0.0001  0.1751 -0.0000  0.0001
 -0.0001 -0.0000 -0.0000  0.1473  0.0000
  0.0002  0.0001  0.0001  0.0000  0.1803

13   2 2
spin component  1
  0.1448 -0.0001  0.0001  0.0001  0.0001
 -0.0001  0.1474 -0.0000  0.0000 -0.0001
  0.0001 -0.0000  0.1752  0.0000  0.0001
  0.0001  0.0000  0.0000  0.1473 -0.0000
  0.0001 -0.0001  0.0001 -0.0000  0.1804
spin component  2
  0.1448 -0.0001  0.0001  0.0001  0.0002
 -0.0001  0.1474 -0.0001 -0.0001 -0.0001
  0.0001 -0.0001  0.1751  0.0000  0.0001
  0.0001 -0.0001  0.0000  0.1473  0.0000
  0.0002 -0.0001  0.0001  0.0000  0.1804

14   2 2
spin component  1
  0.1459  0.0000  0.0000  0.0004 -0.0000
  0.0000  0.1478 -0.0006  0.0000 -0.0009
  0.0000 -0.0006  0.1744  0.0000  0.0014
  0.0004  0.0000  0.0000  0.1472  0.0000
 -0.0000 -0.0009  0.0014  0.0000  0.1806
spin component  2
  0.1444  0.0000 -0.0000  0.0001  0.0000
  0.0000  0.1480 -0.0007  0.0000 -0.0010
 -0.0000 -0.0007  0.1745 -0.0000  0.0015
  0.0001  0.0000 -0.0000  0.1471 -0.0000
  0.0000 -0.0010  0.0015 -0.0000  0.1809

15   2 2
spin component  1
  0.1448  0.0001 -0.0001  0.0001 -0.0002
  0.0001  0.1474 -0.0001  0.0000 -0.0001
 -0.0001 -0.0001  0.1751 -0.0000  0.0000
  0.0001  0.0000 -0.0000  0.1473 -0.0000
 -0.0002 -0.0001  0.0000 -0.0000  0.1804
spin component  2
  0.1448  0.0001 -0.0000  0.0001 -0.0002
  0.0001  0.1474 -0.0001  0.0000 -0.0001
 -0.0000 -0.0001  0.1751 -0.0000  0.0001
  0.0001  0.0000 -0.0000  0.1473 -0.0000
 -0.0002 -0.0001  0.0001 -0.0000  0.1803

16   2 2
spin component  1
  0.1453 -0.0004  0.0000  0.0000 -0.0000
 -0.0004  0.1469 -0.0000 -0.0000 -0.0000
  0.0000 -0.0000  0.1745  0.0015 -0.0036
  0.0000 -0.0000  0.0015  0.1493 -0.0024
 -0.0000 -0.0000 -0.0036 -0.0024  0.1844
spin component  2
  0.1454 -0.0004 -0.0000  0.0000  0.0000
 -0.0004  0.1468  0.0000  0.0000  0.0000
 -0.0000  0.0000  0.1730  0.0005 -0.0012
  0.0000  0.0000  0.0005  0.1488 -0.0009
  0.0000  0.0000 -0.0012 -0.0009  0.1805

17   2 2
spin component  1
  0.0000  0.0000  0.0000  0.0000  0.0000
  0.0000  0.0000  0.0000  0.0000  0.0000
  0.0000  0.0000  0.0000  0.0000  0.0000
  0.0000  0.0000  0.0000  1.0000  0.0000
  0.0000  0.0000  0.0000  0.0000  0.0000
spin component  2
  0.0000  0.0000  0.0000  0.0000  0.0000
  0.0000  0.0000  0.0000  0.0000  0.0000
  0.0000  0.0000  0.0000  0.0000  0.0000
  0.0000  0.0000  0.0000  0.0000  0.0000
  0.0000  0.0000  0.0000  0.0000  0.0000

18   2 2
spin component  1
  0.1454  0.0004 -0.0000 -0.0000 -0.0000
  0.0004  0.1468 -0.0000  0.0000  0.0000
 -0.0000 -0.0000  0.1744 -0.0015 -0.0037
 -0.0000  0.0000 -0.0015  0.1494  0.0024
 -0.0000  0.0000 -0.0037  0.0024  0.1844
spin component  2
  0.1454  0.0004  0.0000 -0.0000  0.0000
  0.0004  0.1469  0.0000 -0.0000 -0.0000
  0.0000  0.0000  0.1730 -0.0005 -0.0012
 -0.0000 -0.0000 -0.0005  0.1488  0.0009
  0.0000 -0.0000 -0.0012  0.0009  0.1805

19   2 2
spin component  1
  0.1448 -0.0000  0.0000  0.0001  0.0000
 -0.0000  0.1474 -0.0001  0.0000 -0.0002
  0.0000 -0.0001  0.1750 -0.0000  0.0001
  0.0001  0.0000 -0.0000  0.1473 -0.0001
  0.0000 -0.0002  0.0001 -0.0001  0.1802
spin component  2
  0.1448  0.0000 -0.0000  0.0001 -0.0000
  0.0000  0.1475 -0.0000 -0.0000 -0.0002
 -0.0000 -0.0000  0.1749  0.0000  0.0001
  0.0001 -0.0000  0.0000  0.1473  0.0001
 -0.0000 -0.0002  0.0001  0.0001  0.1803

20   2 2
spin component  1
  0.1448  0.0001 -0.0001  0.0001 -0.0003
  0.0001  0.1474 -0.0001  0.0000 -0.0003
 -0.0001 -0.0001  0.1749 -0.0001  0.0001
  0.0001  0.0000 -0.0001  0.1472  0.0002
 -0.0003 -0.0003  0.0001  0.0002  0.1801
spin component  2
  0.1447  0.0001 -0.0000  0.0000 -0.0003
  0.0001  0.1474 -0.0001  0.0000 -0.0003
 -0.0000 -0.0001  0.1750 -0.0000  0.0000
  0.0000  0.0000 -0.0000  0.1473  0.0002
 -0.0003 -0.0003  0.0000  0.0002  0.1802

21   2 2
spin component  1
  0.1448 -0.0001  0.0000  0.0001  0.0003
 -0.0001  0.1474 -0.0001 -0.0000 -0.0003
  0.0000 -0.0001  0.1750  0.0001  0.0001
  0.0001 -0.0000  0.0001  0.1473 -0.0002
  0.0003 -0.0003  0.0001 -0.0002  0.1801
spin component  2
  0.1447 -0.0001  0.0000  0.0000  0.0003
 -0.0001  0.1474 -0.0001 -0.0000 -0.0003
  0.0000 -0.0001  0.1750  0.0001  0.0001
  0.0000 -0.0000  0.0001  0.1473 -0.0002
  0.0003 -0.0003  0.0001 -0.0002  0.1802

22   2 2
spin component  1
  0.1448 -0.0000 -0.0000 -0.0001 -0.0000
 -0.0000  0.1475  0.0000  0.0000  0.0002
 -0.0000  0.0000  0.1750  0.0000  0.0001
 -0.0001  0.0000  0.0000  0.1473  0.0000
 -0.0000  0.0002  0.0001  0.0000  0.1802
spin component  2
  0.1448  0.0000  0.0000 -0.0001  0.0000
  0.0000  0.1474  0.0001 -0.0000  0.0002
  0.0000  0.0001  0.1749 -0.0000  0.0000
 -0.0001 -0.0000 -0.0000  0.1473  0.0000
  0.0000  0.0002  0.0000  0.0000  0.1802

23   2 2
spin component  1
  0.1447  0.0001  0.0000 -0.0001  0.0003
  0.0001  0.1474  0.0001 -0.0000  0.0003
  0.0000  0.0001  0.1750 -0.0001  0.0001
 -0.0001 -0.0000 -0.0001  0.1472  0.0002
  0.0003  0.0003  0.0001  0.0002  0.1801
spin component  2
  0.1448  0.0001  0.0000 -0.0000  0.0003
  0.0001  0.1473  0.0001  0.0000  0.0003
  0.0000  0.0001  0.1750 -0.0001  0.0001
 -0.0000  0.0000 -0.0001  0.1473  0.0001
  0.0003  0.0003  0.0001  0.0001  0.1802

24   2 2
spin component  1
  0.1448 -0.0001 -0.0000 -0.0000 -0.0003
 -0.0001  0.1474  0.0001  0.0000  0.0003
 -0.0000  0.0001  0.1750  0.0001  0.0001
 -0.0000  0.0000  0.0001  0.1472 -0.0002
 -0.0003  0.0003  0.0001 -0.0002  0.1801
spin component  2
  0.1447 -0.0001 -0.0000 -0.0000 -0.0003
 -0.0001  0.1474  0.0001 -0.0000  0.0003
 -0.0000  0.0001  0.1750  0.0001  0.0001
 -0.0000 -0.0000  0.0001  0.1473 -0.0002
 -0.0003  0.0003  0.0001 -0.0002  0.1802

25   2 2
spin component  1
  0.1453  0.0000 -0.0000  0.0000 -0.0001
  0.0000  0.1470 -0.0000  0.0000 -0.0000
 -0.0000 -0.0000  0.1759 -0.0000 -0.0017
  0.0000  0.0000 -0.0000  0.1482 -0.0000
 -0.0001 -0.0000 -0.0017 -0.0000  0.1821
spin component  2
  0.1453 -0.0000  0.0000 -0.0000  0.0000
 -0.0000  0.1470 -0.0000  0.0000  0.0000
  0.0000 -0.0000  0.1759  0.0000 -0.0016
 -0.0000  0.0000  0.0000  0.1481  0.0000
  0.0000  0.0000 -0.0016  0.0000  0.1820

26   2 2
spin component  1
  0.1448  0.0001  0.0000 -0.0000 -0.0000
  0.0001  0.1474  0.0000  0.0000 -0.0000
  0.0000  0.0000  0.1766 -0.0017 -0.0008
 -0.0000  0.0000 -0.0017  0.1502 -0.0019
 -0.0000 -0.0000 -0.0008 -0.0019  0.1815
spin component  2
  0.1448  0.0001  0.0000  0.0000  0.0000
  0.0001  0.1474  0.0000 -0.0000  0.0000
  0.0000  0.0000  0.1763  0.0000 -0.0016
  0.0000 -0.0000  0.0000  0.1445  0.0012
  0.0000  0.0000 -0.0016  0.0012  0.1800

27   2 2
spin component  1
  0.1448 -0.0001 -0.0000 -0.0000 -0.0000
 -0.0001  0.1474 -0.0000  0.0000 -0.0000
 -0.0000 -0.0000  0.1766  0.0017 -0.0008
 -0.0000  0.0000  0.0017  0.1502  0.0020
 -0.0000 -0.0000 -0.0008  0.0020  0.1815
spin component  2
  0.1448 -0.0001  0.0000 -0.0000  0.0000
 -0.0001  0.1474  0.0000 -0.0000  0.0000
  0.0000  0.0000  0.1762  0.0000 -0.0016
 -0.0000 -0.0000  0.0000  0.1445 -0.0012
  0.0000  0.0000 -0.0016 -0.0012  0.1800

28   2 2
spin component  1
  0.1448  0.0001 -0.0001  0.0002  0.0003
  0.0001  0.1472 -0.0001  0.0000 -0.0001
 -0.0001 -0.0001  0.1751  0.0000 -0.0001
  0.0002  0.0000  0.0000  0.1474  0.0003
  0.0003 -0.0001 -0.0001  0.0003  0.1802
spin component  2
  0.1447  0.0001 -0.0001  0.0001  0.0002
  0.0001  0.1472 -0.0000  0.0000 -0.0002
 -0.0001 -0.0000  0.1751  0.0000 -0.0001
  0.0001  0.0000  0.0000  0.1474  0.0003
  0.0002 -0.0002 -0.0001  0.0003  0.1801

29   2 2
spin component  1
  0.1451  0.0000  0.0000 -0.0000 -0.0000
  0.0000  0.1467 -0.0005  0.0000 -0.0003
  0.0000 -0.0005  0.1761  0.0000  0.0016
 -0.0000  0.0000  0.0000  0.1483 -0.0001
 -0.0000 -0.0003  0.0016 -0.0001  0.1810
spin component  2
  0.1449 -0.0000 -0.0000  0.0007 -0.0000
 -0.0000  0.1468 -0.0005 -0.0000 -0.0003
 -0.0000 -0.0005  0.1760 -0.0000  0.0015
  0.0007 -0.0000 -0.0000  0.1463  0.0001
 -0.0000 -0.0003  0.0015  0.0001  0.1812

30   2 2
spin component  1
  0.1448 -0.0001  0.0001  0.0002 -0.0002
 -0.0001  0.1472 -0.0001  0.0000 -0.0001
  0.0001 -0.0001  0.1751 -0.0000 -0.0001
  0.0002  0.0000 -0.0000  0.1474 -0.0003
 -0.0002 -0.0001 -0.0001 -0.0003  0.1802
spin component  2
  0.1447 -0.0001  0.0001  0.0002 -0.0002
 -0.0001  0.1472 -0.0001 -0.0000 -0.0002
  0.0001 -0.0001  0.1751 -0.0000 -0.0001
  0.0002 -0.0000 -0.0000  0.1474 -0.0003
 -0.0002 -0.0002 -0.0001 -0.0003  0.1802

31   2 2
spin component  1
  0.1448  0.0001 -0.0000  0.0000  0.0000
  0.0001  0.1474 -0.0000  0.0000 -0.0000
 -0.0000 -0.0000  0.1750 -0.0001  0.0000
  0.0000  0.0000 -0.0001  0.1473  0.0002
  0.0000 -0.0000  0.0000  0.0002  0.1804
spin component  2
  0.1448  0.0001  0.0000 -0.0000  0.0000
  0.0001  0.1474  0.0000  0.0000  0.0000
  0.0000  0.0000  0.1751 -0.0001  0.0001
 -0.0000  0.0000 -0.0001  0.1474  0.0002
  0.0000  0.0000  0.0001  0.0002  0.1803

32   2 2
spin component  1
  0.1451  0.0000 -0.0000 -0.0000 -0.0000
  0.0000  0.1477  0.0000 -0.0000 -0.0000
 -0.0000  0.0000  0.1754 -0.0000  0.0011
 -0.0000 -0.0000 -0.0000  0.1471  0.0000
 -0.0000 -0.0000  0.0011  0.0000  0.1812
spin component  2
  0.1451 -0.0000  0.0000  0.0000  0.0000
 -0.0000  0.1477 -0.0000  0.0000  0.0000
  0.0000 -0.0000  0.1752  0.0000  0.0011
  0.0000  0.0000  0.0000  0.1471 -0.0000
  0.0000  0.0000  0.0011 -0.0000  0.1812

33   2 2
spin component  1
  0.1448 -0.0001  0.0000  0.0000  0.0000
 -0.0001  0.1474 -0.0000  0.0000 -0.0000
  0.0000 -0.0000  0.1750  0.0001  0.0001
  0.0000  0.0000  0.0001  0.1474 -0.0002
  0.0000 -0.0000  0.0001 -0.0002  0.1803
spin component  2
  0.1448 -0.0001 -0.0000 -0.0000 -0.0000
 -0.0001  0.1474  0.0000 -0.0000  0.0000
 -0.0000  0.0000  0.1750  0.0001  0.0000
 -0.0000 -0.0000  0.0001  0.1474 -0.0002
 -0.0000  0.0000  0.0000 -0.0002  0.1804

34   2 2
spin component  1
  0.1448  0.0000  0.0001 -0.0002 -0.0003
  0.0000  0.1472  0.0001 -0.0000  0.0001
  0.0001  0.0001  0.1751  0.0000 -0.0001
 -0.0002 -0.0000  0.0000  0.1474  0.0003
 -0.0003  0.0001 -0.0001  0.0003  0.1802
spin component  2
  0.1448  0.0001  0.0001 -0.0001 -0.0002
  0.0001  0.1472  0.0001 -0.0000  0.0001
  0.0001  0.0001  0.1751 -0.0000 -0.0001
 -0.0001 -0.0000 -0.0000  0.1474  0.0003
 -0.0002  0.0001 -0.0001  0.0003  0.1802

35   2 2
spin component  1
  0.1451  0.0000 -0.0000  0.0000 -0.0000
  0.0000  0.1467  0.0005  0.0000  0.0003
 -0.0000  0.0005  0.1760 -0.0000  0.0015
  0.0000  0.0000 -0.0000  0.1484  0.0000
 -0.0000  0.0003  0.0015  0.0000  0.1811
spin component  2
  0.1449 -0.0000  0.0000 -0.0008  0.0000
 -0.0000  0.1469  0.0004 -0.0000  0.0002
  0.0000  0.0004  0.1761  0.0000  0.0016
 -0.0008 -0.0000  0.0000  0.1463 -0.0000
  0.0000  0.0002  0.0016 -0.0000  0.1811

36   2 2
spin component  1
  0.1448 -0.0001 -0.0001 -0.0002  0.0003
 -0.0001  0.1472  0.0001  0.0000  0.0002
 -0.0001  0.0001  0.1751 -0.0000 -0.0001
 -0.0002  0.0000 -0.0000  0.1474 -0.0003
  0.0003  0.0002 -0.0001 -0.0003  0.1803
spin component  2
  0.1447 -0.0001 -0.0001 -0.0002  0.0002
 -0.0001  0.1472  0.0001 -0.0000  0.0001
 -0.0001  0.0001  0.1751  0.0000 -0.0001
 -0.0002 -0.0000  0.0000  0.1474 -0.0003
  0.0002  0.0001 -0.0001 -0.0003  0.1801

37   2 2
spin component  1
  0.0000  0.0000  0.0000  0.0000  0.0000
  0.0000  0.0000  0.0000  0.0000  0.0000
  0.0000  0.0000  0.0000  0.0000  0.0000
  0.0000  0.0000  0.0000  0.0000  0.0000
  0.0000  0.0000  0.0000  0.0000  0.0000
spin component  2
  0.0000  0.0000  0.0000  0.0000  0.0000
  0.0000  0.0000  0.0000  0.0000  0.0000
  0.0000  0.0000  0.0000  0.0000  0.0000
  0.0000  0.0000  0.0000  0.0000  0.0000
  0.0000  0.0000  0.0000  0.0000  0.0000

38   2 2
spin component  1
  0.0000  0.0000  0.0000  0.0000  0.0000
  0.0000  0.0000  0.0000  0.0000  0.0000
  0.0000  0.0000  0.0000  0.0000  0.0000
  0.0000  0.0000  0.0000  0.0000  0.0000
  0.0000  0.0000  0.0000  0.0000  0.0000
spin component  2
  0.0000  0.0000  0.0000  0.0000  0.0000
  0.0000  0.0000  0.0000  0.0000  0.0000
  0.0000  0.0000  0.0000  0.0000  0.0000
  0.0000  0.0000  0.0000  0.0000  0.0000
  0.0000  0.0000  0.0000  0.0000  0.0000

39   2 2
spin component  1
  0.0000  0.0000  0.0000  0.0000  0.0000
  0.0000  0.0000  0.0000  0.0000  0.0000
  0.0000  0.0000  0.0000  0.0000  0.0000
  0.0000  0.0000  0.0000  0.0000  0.0000
  0.0000  0.0000  0.0000  0.0000  0.0000
spin component  2
  0.0000  0.0000  0.0000  0.0000  0.0000
  0.0000  0.0000  0.0000  0.0000  0.0000
  0.0000  0.0000  0.0000  0.0000  0.0000
  0.0000  0.0000  0.0000  0.0000  0.0000
  0.0000  0.0000  0.0000  0.0000  0.0000

40   2 2
spin component  1
  0.0000  0.0000  0.0000  0.0000  0.0000
  0.0000  0.0000  0.0000  0.0000  0.0000
  0.0000  0.0000  0.0000  0.0000  0.0000
  0.0000  0.0000  0.0000  0.0000  0.0000
  0.0000  0.0000  0.0000  0.0000  0.0000
spin component  2
  0.0000  0.0000  0.0000  0.0000  0.0000
  0.0000  0.0000  0.0000  0.0000  0.0000
  0.0000  0.0000  0.0000  0.0000  0.0000
  0.0000  0.0000  0.0000  0.0000  0.0000
  0.0000  0.0000  0.0000  0.0000  0.0000

41   2 2
spin component  1
  0.0000  0.0000  0.0000  0.0000  0.0000
  0.0000  0.0000  0.0000  0.0000  0.0000
  0.0000  0.0000  0.0000  0.0000  0.0000
  0.0000  0.0000  0.0000  0.0000  0.0000
  0.0000  0.0000  0.0000  0.0000  0.0000
spin component  2
  0.0000  0.0000  0.0000  0.0000  0.0000
  0.0000  0.0000  0.0000  0.0000  0.0000
  0.0000  0.0000  0.0000  0.0000  0.0000
  0.0000  0.0000  0.0000  0.0000  0.0000
  0.0000  0.0000  0.0000  0.0000  0.0000

42   2 2
spin component  1
  0.0000  0.0000  0.0000  0.0000  0.0000
  0.0000  0.0000  0.0000  0.0000  0.0000
  0.0000  0.0000  0.0000  0.0000  0.0000
  0.0000  0.0000  0.0000  0.0000  0.0000
  0.0000  0.0000  0.0000  0.0000  0.0000
spin component  2
  0.0000  0.0000  0.0000  0.0000  0.0000
  0.0000  0.0000  0.0000  0.0000  0.0000
  0.0000  0.0000  0.0000  0.0000  0.0000
  0.0000  0.0000  0.0000  0.0000  0.0000
  0.0000  0.0000  0.0000  0.0000  0.0000

43   2 2
spin component  1
  0.0000  0.0000  0.0000  0.0000  0.0000
  0.0000  0.0000  0.0000  0.0000  0.0000
  0.0000  0.0000  0.0000  0.0000  0.0000
  0.0000  0.0000  0.0000  0.0000  0.0000
  0.0000  0.0000  0.0000  0.0000  0.0000
spin component  2
  0.0000  0.0000  0.0000  0.0000  0.0000
  0.0000  0.0000  0.0000  0.0000  0.0000
  0.0000  0.0000  0.0000  0.0000  0.0000
  0.0000  0.0000  0.0000  0.0000  0.0000
  0.0000  0.0000  0.0000  0.0000  0.0000

44   2 2
spin component  1
  0.0000  0.0000  0.0000  0.0000  0.0000
  0.0000  0.0000  0.0000  0.0000  0.0000
  0.0000  0.0000  0.0000  0.0000  0.0000
  0.0000  0.0000  0.0000  0.0000  0.0000
  0.0000  0.0000  0.0000  0.0000  0.0000
spin component  2
  0.0000  0.0000  0.0000  0.0000  0.0000
  0.0000  0.0000  0.0000  0.0000  0.0000
  0.0000  0.0000  0.0000  0.0000  0.0000
  0.0000  0.0000  0.0000  0.0000  0.0000
  0.0000  0.0000  0.0000  0.0000  0.0000

45   2 2
spin component  1
  0.0000  0.0000  0.0000  0.0000  0.0000
  0.0000  0.0000  0.0000  0.0000  0.0000
  0.0000  0.0000  0.0000  0.0000  0.0000
  0.0000  0.0000  0.0000  0.0000  0.0000
  0.0000  0.0000  0.0000  0.0000  0.0000
spin component  2
  0.0000  0.0000  0.0000  0.0000  0.0000
  0.0000  0.0000  0.0000  0.0000  0.0000
  0.0000  0.0000  0.0000  0.0000  0.0000
  0.0000  0.0000  0.0000  0.0000  0.0000
  0.0000  0.0000  0.0000  0.0000  0.0000

46   2 2
spin component  1
  0.0000  0.0000  0.0000  0.0000  0.0000
  0.0000  0.0000  0.0000  0.0000  0.0000
  0.0000  0.0000  0.0000  0.0000  0.0000
  0.0000  0.0000  0.0000  0.0000  0.0000
  0.0000  0.0000  0.0000  0.0000  0.0000
spin component  2
  0.0000  0.0000  0.0000  0.0000  0.0000
  0.0000  0.0000  0.0000  0.0000  0.0000
  0.0000  0.0000  0.0000  0.0000  0.0000
  0.0000  0.0000  0.0000  0.0000  0.0000
  0.0000  0.0000  0.0000  0.0000  0.0000

47   2 2
spin component  1
  0.0000  0.0000  0.0000  0.0000  0.0000
  0.0000  0.0000  0.0000  0.0000  0.0000
  0.0000  0.0000  0.0000  0.0000  0.0000
  0.0000  0.0000  0.0000  0.0000  0.0000
  0.0000  0.0000  0.0000  0.0000  0.0000
spin component  2
  0.0000  0.0000  0.0000  0.0000  0.0000
  0.0000  0.0000  0.0000  0.0000  0.0000
  0.0000  0.0000  0.0000  0.0000  0.0000
  0.0000  0.0000  0.0000  0.0000  0.0000
  0.0000  0.0000  0.0000  0.0000  0.0000

48   2 2
spin component  1
  0.0000  0.0000  0.0000  0.0000  0.0000
  0.0000  0.0000  0.0000  0.0000  0.0000
  0.0000  0.0000  0.0000  0.0000  0.0000
  0.0000  0.0000  0.0000  0.0000  0.0000
  0.0000  0.0000  0.0000  0.0000  0.0000
spin component  2
  0.0000  0.0000  0.0000  0.0000  0.0000
  0.0000  0.0000  0.0000  0.0000  0.0000
  0.0000  0.0000  0.0000  0.0000  0.0000
  0.0000  0.0000  0.0000  0.0000  0.0000
  0.0000  0.0000  0.0000  0.0000  0.0000

49   2 2
spin component  1
  0.0000  0.0000  0.0000  0.0000  0.0000
  0.0000  0.0000  0.0000  0.0000  0.0000
  0.0000  0.0000  0.0000  0.0000  0.0000
  0.0000  0.0000  0.0000  0.0000  0.0000
  0.0000  0.0000  0.0000  0.0000  0.0000
spin component  2
  0.0000  0.0000  0.0000  0.0000  0.0000
  0.0000  0.0000  0.0000  0.0000  0.0000
  0.0000  0.0000  0.0000  0.0000  0.0000
  0.0000  0.0000  0.0000  0.0000  0.0000
  0.0000  0.0000  0.0000  0.0000  0.0000

50   2 2
spin component  1
  0.0000  0.0000  0.0000  0.0000  0.0000
  0.0000  0.0000  0.0000  0.0000  0.0000
  0.0000  0.0000  0.0000  0.0000  0.0000
  0.0000  0.0000  0.0000  0.0000  0.0000
  0.0000  0.0000  0.0000  0.0000  0.0000
spin component  2
  0.0000  0.0000  0.0000  0.0000  0.0000
  0.0000  0.0000  0.0000  0.0000  0.0000
  0.0000  0.0000  0.0000  0.0000  0.0000
  0.0000  0.0000  0.0000  0.0000  0.0000
  0.0000  0.0000  0.0000  0.0000  0.0000

51   2 2
spin component  1
  0.0000  0.0000  0.0000  0.0000  0.0000
  0.0000  0.0000  0.0000  0.0000  0.0000
  0.0000  0.0000  0.0000  0.0000  0.0000
  0.0000  0.0000  0.0000  0.0000  0.0000
  0.0000  0.0000  0.0000  0.0000  0.0000
spin component  2
  0.0000  0.0000  0.0000  0.0000  0.0000
  0.0000  0.0000  0.0000  0.0000  0.0000
  0.0000  0.0000  0.0000  0.0000  0.0000
  0.0000  0.0000  0.0000  0.0000  0.0000
  0.0000  0.0000  0.0000  0.0000  0.0000

52   2 2
spin component  1
  0.0000  0.0000  0.0000  0.0000  0.0000
  0.0000  0.0000  0.0000  0.0000  0.0000
  0.0000  0.0000  0.0000  0.0000  0.0000
  0.0000  0.0000  0.0000  0.0000  0.0000
  0.0000  0.0000  0.0000  0.0000  0.0000
spin component  2
  0.0000  0.0000  0.0000  0.0000  0.0000
  0.0000  0.0000  0.0000  0.0000  0.0000
  0.0000  0.0000  0.0000  0.0000  0.0000
  0.0000  0.0000  0.0000  0.0000  0.0000
  0.0000  0.0000  0.0000  0.0000  0.0000

53   2 2
spin component  1
  0.0000  0.0000  0.0000  0.0000  0.0000
  0.0000  0.0000  0.0000  0.0000  0.0000
  0.0000  0.0000  0.0000  0.0000  0.0000
  0.0000  0.0000  0.0000  0.0000  0.0000
  0.0000  0.0000  0.0000  0.0000  0.0000
spin component  2
  0.0000  0.0000  0.0000  0.0000  0.0000
  0.0000  0.0000  0.0000  0.0000  0.0000
  0.0000  0.0000  0.0000  0.0000  0.0000
  0.0000  0.0000  0.0000  0.0000  0.0000
  0.0000  0.0000  0.0000  0.0000  0.0000

54   2 2
spin component  1
  0.0000  0.0000  0.0000  0.0000  0.0000
  0.0000  0.0000  0.0000  0.0000  0.0000
  0.0000  0.0000  0.0000  0.0000  0.0000
  0.0000  0.0000  0.0000  0.0000  0.0000
  0.0000  0.0000  0.0000  0.0000  0.0000
spin component  2
  0.0000  0.0000  0.0000  0.0000  0.0000
  0.0000  0.0000  0.0000  0.0000  0.0000
  0.0000  0.0000  0.0000  0.0000  0.0000
  0.0000  0.0000  0.0000  0.0000  0.0000
  0.0000  0.0000  0.0000  0.0000  0.0000

55   2 2
spin component  1
  0.0000  0.0000  0.0000  0.0000  0.0000
  0.0000  0.0000  0.0000  0.0000  0.0000
  0.0000  0.0000  0.0000  0.0000  0.0000
  0.0000  0.0000  0.0000  0.0000  0.0000
  0.0000  0.0000  0.0000  0.0000  0.0000
spin component  2
  0.0000  0.0000  0.0000  0.0000  0.0000
  0.0000  0.0000  0.0000  0.0000  0.0000
  0.0000  0.0000  0.0000  0.0000  0.0000
  0.0000  0.0000  0.0000  0.0000  0.0000
  0.0000  0.0000  0.0000  0.0000  0.0000

56   2 2
spin component  1
  0.0000  0.0000  0.0000  0.0000  0.0000
  0.0000  0.0000  0.0000  0.0000  0.0000
  0.0000  0.0000  0.0000  0.0000  0.0000
  0.0000  0.0000  0.0000  0.0000  0.0000
  0.0000  0.0000  0.0000  0.0000  0.0000
spin component  2
  0.0000  0.0000  0.0000  0.0000  0.0000
  0.0000  0.0000  0.0000  0.0000  0.0000
  0.0000  0.0000  0.0000  0.0000  0.0000
  0.0000  0.0000  0.0000  0.0000  0.0000
  0.0000  0.0000  0.0000  0.0000  0.0000

57   2 2
spin component  1
  0.0000  0.0000  0.0000  0.0000  0.0000
  0.0000  0.0000  0.0000  0.0000  0.0000
  0.0000  0.0000  0.0000  0.0000  0.0000
  0.0000  0.0000  0.0000  0.0000  0.0000
  0.0000  0.0000  0.0000  0.0000  0.0000
spin component  2
  0.0000  0.0000  0.0000  0.0000  0.0000
  0.0000  0.0000  0.0000  0.0000  0.0000
  0.0000  0.0000  0.0000  0.0000  0.0000
  0.0000  0.0000  0.0000  0.0000  0.0000
  0.0000  0.0000  0.0000  0.0000  0.0000

58   2 2
spin component  1
  0.0000  0.0000  0.0000  0.0000  0.0000
  0.0000  0.0000  0.0000  0.0000  0.0000
  0.0000  0.0000  0.0000  0.0000  0.0000
  0.0000  0.0000  0.0000  0.0000  0.0000
  0.0000  0.0000  0.0000  0.0000  0.0000
spin component  2
  0.0000  0.0000  0.0000  0.0000  0.0000
  0.0000  0.0000  0.0000  0.0000  0.0000
  0.0000  0.0000  0.0000  0.0000  0.0000
  0.0000  0.0000  0.0000  0.0000  0.0000
  0.0000  0.0000  0.0000  0.0000  0.0000

59   2 2
spin component  1
  0.0000  0.0000  0.0000  0.0000  0.0000
  0.0000  0.0000  0.0000  0.0000  0.0000
  0.0000  0.0000  0.0000  0.0000  0.0000
  0.0000  0.0000  0.0000  0.0000  0.0000
  0.0000  0.0000  0.0000  0.0000  0.0000
spin component  2
  0.0000  0.0000  0.0000  0.0000  0.0000
  0.0000  0.0000  0.0000  0.0000  0.0000
  0.0000  0.0000  0.0000  0.0000  0.0000
  0.0000  0.0000  0.0000  0.0000  0.0000
  0.0000  0.0000  0.0000  0.0000  0.0000

60   2 2
spin component  1
  0.0000  0.0000  0.0000  0.0000  0.0000
  0.0000  0.0000  0.0000  0.0000  0.0000
  0.0000  0.0000  0.0000  0.0000  0.0000
  0.0000  0.0000  0.0000  0.0000  0.0000
  0.0000  0.0000  0.0000  0.0000  0.0000
spin component  2
  0.0000  0.0000  0.0000  0.0000  0.0000
  0.0000  0.0000  0.0000  0.0000  0.0000
  0.0000  0.0000  0.0000  0.0000  0.0000
  0.0000  0.0000  0.0000  0.0000  0.0000
  0.0000  0.0000  0.0000  0.0000  0.0000

61   2 2
spin component  1
  0.0000  0.0000  0.0000  0.0000  0.0000
  0.0000  0.0000  0.0000  0.0000  0.0000
  0.0000  0.0000  0.0000  0.0000  0.0000
  0.0000  0.0000  0.0000  0.0000  0.0000
  0.0000  0.0000  0.0000  0.0000  0.0000
spin component  2
  0.0000  0.0000  0.0000  0.0000  0.0000
  0.0000  0.0000  0.0000  0.0000  0.0000
  0.0000  0.0000  0.0000  0.0000  0.0000
  0.0000  0.0000  0.0000  0.0000  0.0000
  0.0000  0.0000  0.0000  0.0000  0.0000

62   2 2
spin component  1
  0.0000  0.0000  0.0000  0.0000  0.0000
  0.0000  0.0000  0.0000  0.0000  0.0000
  0.0000  0.0000  0.0000  0.0000  0.0000
  0.0000  0.0000  0.0000  0.0000  0.0000
  0.0000  0.0000  0.0000  0.0000  0.0000
spin component  2
  0.0000  0.0000  0.0000  0.0000  0.0000
  0.0000  0.0000  0.0000  0.0000  0.0000
  0.0000  0.0000  0.0000  0.0000  0.0000
  0.0000  0.0000  0.0000  0.0000  0.0000
  0.0000  0.0000  0.0000  0.0000  0.0000

63   2 2
spin component  1
  0.0000  0.0000  0.0000  0.0000  0.0000
  0.0000  0.0000  0.0000  0.0000  0.0000
  0.0000  0.0000  0.0000  0.0000  0.0000
  0.0000  0.0000  0.0000  0.0000  0.0000
  0.0000  0.0000  0.0000  0.0000  0.0000
spin component  2
  0.0000  0.0000  0.0000  0.0000  0.0000
  0.0000  0.0000  0.0000  0.0000  0.0000
  0.0000  0.0000  0.0000  0.0000  0.0000
  0.0000  0.0000  0.0000  0.0000  0.0000
  0.0000  0.0000  0.0000  0.0000  0.0000

64   2 2
spin component  1
  0.0000  0.0000  0.0000  0.0000  0.0000
  0.0000  0.0000  0.0000  0.0000  0.0000
  0.0000  0.0000  0.0000  0.0000  0.0000
  0.0000  0.0000  0.0000  0.0000  0.0000
  0.0000  0.0000  0.0000  0.0000  0.0000
spin component  2
  0.0000  0.0000  0.0000  0.0000  0.0000
  0.0000  0.0000  0.0000  0.0000  0.0000
  0.0000  0.0000  0.0000  0.0000  0.0000
  0.0000  0.0000  0.0000  0.0000  0.0000
  0.0000  0.0000  0.0000  0.0000  0.0000

65   2 2
spin component  1
  0.0000  0.0000  0.0000  0.0000  0.0000
  0.0000  0.0000  0.0000  0.0000  0.0000
  0.0000  0.0000  0.0000  0.0000  0.0000
  0.0000  0.0000  0.0000  0.0000  0.0000
  0.0000  0.0000  0.0000  0.0000  0.0000
spin component  2
  0.0000  0.0000  0.0000  0.0000  0.0000
  0.0000  0.0000  0.0000  0.0000  0.0000
  0.0000  0.0000  0.0000  0.0000  0.0000
  0.0000  0.0000  0.0000  0.0000  0.0000
  0.0000  0.0000  0.0000  0.0000  0.0000

66   2 2
spin component  1
  0.0000  0.0000  0.0000  0.0000  0.0000
  0.0000  0.0000  0.0000  0.0000  0.0000
  0.0000  0.0000  0.0000  0.0000  0.0000
  0.0000  0.0000  0.0000  0.0000  0.0000
  0.0000  0.0000  0.0000  0.0000  0.0000
spin component  2
  0.0000  0.0000  0.0000  0.0000  0.0000
  0.0000  0.0000  0.0000  0.0000  0.0000
  0.0000  0.0000  0.0000  0.0000  0.0000
  0.0000  0.0000  0.0000  0.0000  0.0000
  0.0000  0.0000  0.0000  0.0000  0.0000

67   2 2
spin component  1
  0.0000  0.0000  0.0000  0.0000  0.0000
  0.0000  0.0000  0.0000  0.0000  0.0000
  0.0000  0.0000  0.0000  0.0000  0.0000
  0.0000  0.0000  0.0000  0.0000  0.0000
  0.0000  0.0000  0.0000  0.0000  0.0000
spin component  2
  0.0000  0.0000  0.0000  0.0000  0.0000
  0.0000  0.0000  0.0000  0.0000  0.0000
  0.0000  0.0000  0.0000  0.0000  0.0000
  0.0000  0.0000  0.0000  0.0000  0.0000
  0.0000  0.0000  0.0000  0.0000  0.0000

68   2 2
spin component  1
  0.0000  0.0000  0.0000  0.0000  0.0000
  0.0000  0.0000  0.0000  0.0000  0.0000
  0.0000  0.0000  0.0000  0.0000  0.0000
  0.0000  0.0000  0.0000  0.0000  0.0000
  0.0000  0.0000  0.0000  0.0000  0.0000
spin component  2
  0.0000  0.0000  0.0000  0.0000  0.0000
  0.0000  0.0000  0.0000  0.0000  0.0000
  0.0000  0.0000  0.0000  0.0000  0.0000
  0.0000  0.0000  0.0000  0.0000  0.0000
  0.0000  0.0000  0.0000  0.0000  0.0000

69   2 2
spin component  1
  0.0000  0.0000  0.0000  0.0000  0.0000
  0.0000  0.0000  0.0000  0.0000  0.0000
  0.0000  0.0000  0.0000  0.0000  0.0000
  0.0000  0.0000  0.0000  0.0000  0.0000
  0.0000  0.0000  0.0000  0.0000  0.0000
spin component  2
  0.0000  0.0000  0.0000  0.0000  0.0000
  0.0000  0.0000  0.0000  0.0000  0.0000
  0.0000  0.0000  0.0000  0.0000  0.0000
  0.0000  0.0000  0.0000  0.0000  0.0000
  0.0000  0.0000  0.0000  0.0000  0.0000

70   2 2
spin component  1
  0.0000  0.0000  0.0000  0.0000  0.0000
  0.0000  0.0000  0.0000  0.0000  0.0000
  0.0000  0.0000  0.0000  0.0000  0.0000
  0.0000  0.0000  0.0000  0.0000  0.0000
  0.0000  0.0000  0.0000  0.0000  0.0000
spin component  2
  0.0000  0.0000  0.0000  0.0000  0.0000
  0.0000  0.0000  0.0000  0.0000  0.0000
  0.0000  0.0000  0.0000  0.0000  0.0000
  0.0000  0.0000  0.0000  0.0000  0.0000
  0.0000  0.0000  0.0000  0.0000  0.0000

71   2 2
spin component  1
  0.0000  0.0000  0.0000  0.0000  0.0000
  0.0000  0.0000  0.0000  0.0000  0.0000
  0.0000  0.0000  0.0000  0.0000  0.0000
  0.0000  0.0000  0.0000  0.0000  0.0000
  0.0000  0.0000  0.0000  0.0000  0.0000
spin component  2
  0.0000  0.0000  0.0000  0.0000  0.0000
  0.0000  0.0000  0.0000  0.0000  0.0000
  0.0000  0.0000  0.0000  0.0000  0.0000
  0.0000  0.0000  0.0000  0.0000  0.0000
  0.0000  0.0000  0.0000  0.0000  0.0000

72   2 2
spin component  1
  0.0000  0.0000  0.0000  0.0000  0.0000
  0.0000  0.0000  0.0000  0.0000  0.0000
  0.0000  0.0000  0.0000  0.0000  0.0000
  0.0000  0.0000  0.0000  0.0000  0.0000
  0.0000  0.0000  0.0000  0.0000  0.0000
spin component  2
  0.0000  0.0000  0.0000  0.0000  0.0000
  0.0000  0.0000  0.0000  0.0000  0.0000
  0.0000  0.0000  0.0000  0.0000  0.0000
  0.0000  0.0000  0.0000  0.0000  0.0000
  0.0000  0.0000  0.0000  0.0000  0.0000

73   2 2
spin component  1
  0.0000  0.0000  0.0000  0.0000  0.0000
  0.0000  0.0000  0.0000  0.0000  0.0000
  0.0000  0.0000  0.0000  0.0000  0.0000
  0.0000  0.0000  0.0000  0.0000  0.0000
  0.0000  0.0000  0.0000  0.0000  0.0000
spin component  2
  0.0000  0.0000  0.0000  0.0000  0.0000
  0.0000  0.0000  0.0000  0.0000  0.0000
  0.0000  0.0000  0.0000  0.0000  0.0000
  0.0000  0.0000  0.0000  0.0000  0.0000
  0.0000  0.0000  0.0000  0.0000  0.0000

74   2 2
spin component  1
  0.0000  0.0000  0.0000  0.0000  0.0000
  0.0000  0.0000  0.0000  0.0000  0.0000
  0.0000  0.0000  0.0000  0.0000  0.0000
  0.0000  0.0000  0.0000  0.0000  0.0000
  0.0000  0.0000  0.0000  0.0000  0.0000
spin component  2
  0.0000  0.0000  0.0000  0.0000  0.0000
  0.0000  0.0000  0.0000  0.0000  0.0000
  0.0000  0.0000  0.0000  0.0000  0.0000
  0.0000  0.0000  0.0000  0.0000  0.0000
  0.0000  0.0000  0.0000  0.0000  0.0000

75   2 2
spin component  1
  0.0000  0.0000  0.0000  0.0000  0.0000
  0.0000  0.0000  0.0000  0.0000  0.0000
  0.0000  0.0000  0.0000  0.0000  0.0000
  0.0000  0.0000  0.0000  0.0000  0.0000
  0.0000  0.0000  0.0000  0.0000  0.0000
spin component  2
  0.0000  0.0000  0.0000  0.0000  0.0000
  0.0000  0.0000  0.0000  0.0000  0.0000
  0.0000  0.0000  0.0000  0.0000  0.0000
  0.0000  0.0000  0.0000  0.0000  0.0000
  0.0000  0.0000  0.0000  0.0000  0.0000

76   2 2
spin component  1
  0.0000  0.0000  0.0000  0.0000  0.0000
  0.0000  0.0000  0.0000  0.0000  0.0000
  0.0000  0.0000  0.0000  0.0000  0.0000
  0.0000  0.0000  0.0000  0.0000  0.0000
  0.0000  0.0000  0.0000  0.0000  0.0000
spin component  2
  0.0000  0.0000  0.0000  0.0000  0.0000
  0.0000  0.0000  0.0000  0.0000  0.0000
  0.0000  0.0000  0.0000  0.0000  0.0000
  0.0000  0.0000  0.0000  0.0000  0.0000
  0.0000  0.0000  0.0000  0.0000  0.0000

77   2 2
spin component  1
  0.0000  0.0000  0.0000  0.0000  0.0000
  0.0000  0.0000  0.0000  0.0000  0.0000
  0.0000  0.0000  0.0000  0.0000  0.0000
  0.0000  0.0000  0.0000  0.0000  0.0000
  0.0000  0.0000  0.0000  0.0000  0.0000
spin component  2
  0.0000  0.0000  0.0000  0.0000  0.0000
  0.0000  0.0000  0.0000  0.0000  0.0000
  0.0000  0.0000  0.0000  0.0000  0.0000
  0.0000  0.0000  0.0000  0.0000  0.0000
  0.0000  0.0000  0.0000  0.0000  0.0000

78   2 2
spin component  1
  0.0000  0.0000  0.0000  0.0000  0.0000
  0.0000  0.0000  0.0000  0.0000  0.0000
  0.0000  0.0000  0.0000  0.0000  0.0000
  0.0000  0.0000  0.0000  0.0000  0.0000
  0.0000  0.0000  0.0000  0.0000  0.0000
spin component  2
  0.0000  0.0000  0.0000  0.0000  0.0000
  0.0000  0.0000  0.0000  0.0000  0.0000
  0.0000  0.0000  0.0000  0.0000  0.0000
  0.0000  0.0000  0.0000  0.0000  0.0000
  0.0000  0.0000  0.0000  0.0000  0.0000

79   2 2
spin component  1
  0.0000  0.0000  0.0000  0.0000  0.0000
  0.0000  0.0000  0.0000  0.0000  0.0000
  0.0000  0.0000  0.0000  0.0000  0.0000
  0.0000  0.0000  0.0000  0.0000  0.0000
  0.0000  0.0000  0.0000  0.0000  0.0000
spin component  2
  0.0000  0.0000  0.0000  0.0000  0.0000
  0.0000  0.0000  0.0000  0.0000  0.0000
  0.0000  0.0000  0.0000  0.0000  0.0000
  0.0000  0.0000  0.0000  0.0000  0.0000
  0.0000  0.0000  0.0000  0.0000  0.0000

80   2 2
spin component  1
  0.0000  0.0000  0.0000  0.0000  0.0000
  0.0000  0.0000  0.0000  0.0000  0.0000
  0.0000  0.0000  0.0000  0.0000  0.0000
  0.0000  0.0000  0.0000  0.0000  0.0000
  0.0000  0.0000  0.0000  0.0000  0.0000
spin component  2
  0.0000  0.0000  0.0000  0.0000  0.0000
  0.0000  0.0000  0.0000  0.0000  0.0000
  0.0000  0.0000  0.0000  0.0000  0.0000
  0.0000  0.0000  0.0000  0.0000  0.0000
  0.0000  0.0000  0.0000  0.0000  0.0000

81   2 2
spin component  1
  0.0000  0.0000  0.0000  0.0000  0.0000
  0.0000  0.0000  0.0000  0.0000  0.0000
  0.0000  0.0000  0.0000  0.0000  0.0000
  0.0000  0.0000  0.0000  0.0000  0.0000
  0.0000  0.0000  0.0000  0.0000  0.0000
spin component  2
  0.0000  0.0000  0.0000  0.0000  0.0000
  0.0000  0.0000  0.0000  0.0000  0.0000
  0.0000  0.0000  0.0000  0.0000  0.0000
  0.0000  0.0000  0.0000  0.0000  0.0000
  0.0000  0.0000  0.0000  0.0000  0.0000

82   2 2
spin component  1
  0.0000  0.0000  0.0000  0.0000  0.0000
  0.0000  0.0000  0.0000  0.0000  0.0000
  0.0000  0.0000  0.0000  0.0000  0.0000
  0.0000  0.0000  0.0000  0.0000  0.0000
  0.0000  0.0000  0.0000  0.0000  0.0000
spin component  2
  0.0000  0.0000  0.0000  0.0000  0.0000
  0.0000  0.0000  0.0000  0.0000  0.0000
  0.0000  0.0000  0.0000  0.0000  0.0000
  0.0000  0.0000  0.0000  0.0000  0.0000
  0.0000  0.0000  0.0000  0.0000  0.0000

83   2 2
spin component  1
  0.0000  0.0000  0.0000  0.0000  0.0000
  0.0000  0.0000  0.0000  0.0000  0.0000
  0.0000  0.0000  0.0000  0.0000  0.0000
  0.0000  0.0000  0.0000  0.0000  0.0000
  0.0000  0.0000  0.0000  0.0000  0.0000
spin component  2
  0.0000  0.0000  0.0000  0.0000  0.0000
  0.0000  0.0000  0.0000  0.0000  0.0000
  0.0000  0.0000  0.0000  0.0000  0.0000
  0.0000  0.0000  0.0000  0.0000  0.0000
  0.0000  0.0000  0.0000  0.0000  0.0000

84   2 2
spin component  1
  0.0000  0.0000  0.0000  0.0000  0.0000
  0.0000  0.0000  0.0000  0.0000  0.0000
  0.0000  0.0000  0.0000  0.0000  0.0000
  0.0000  0.0000  0.0000  0.0000  0.0000
  0.0000  0.0000  0.0000  0.0000  0.0000
spin component  2
  0.0000  0.0000  0.0000  0.0000  0.0000
  0.0000  0.0000  0.0000  0.0000  0.0000
  0.0000  0.0000  0.0000  0.0000  0.0000
  0.0000  0.0000  0.0000  0.0000  0.0000
  0.0000  0.0000  0.0000  0.0000  0.0000

85   2 2
spin component  1
  0.0000  0.0000  0.0000  0.0000  0.0000
  0.0000  0.0000  0.0000  0.0000  0.0000
  0.0000  0.0000  0.0000  0.0000  0.0000
  0.0000  0.0000  0.0000  0.0000  0.0000
  0.0000  0.0000  0.0000  0.0000  0.0000
spin component  2
  0.0000  0.0000  0.0000  0.0000  0.0000
  0.0000  0.0000  0.0000  0.0000  0.0000
  0.0000  0.0000  0.0000  0.0000  0.0000
  0.0000  0.0000  0.0000  0.0000  0.0000
  0.0000  0.0000  0.0000  0.0000  0.0000

86   2 2
spin component  1
  0.0000  0.0000  0.0000  0.0000  0.0000
  0.0000  0.0000  0.0000  0.0000  0.0000
  0.0000  0.0000  0.0000  0.0000  0.0000
  0.0000  0.0000  0.0000  0.0000  0.0000
  0.0000  0.0000  0.0000  0.0000  0.0000
spin component  2
  0.0000  0.0000  0.0000  0.0000  0.0000
  0.0000  0.0000  0.0000  0.0000  0.0000
  0.0000  0.0000  0.0000  0.0000  0.0000
  0.0000  0.0000  0.0000  0.0000  0.0000
  0.0000  0.0000  0.0000  0.0000  0.0000

87   2 2
spin component  1
  0.0000  0.0000  0.0000  0.0000  0.0000
  0.0000  0.0000  0.0000  0.0000  0.0000
  0.0000  0.0000  0.0000  0.0000  0.0000
  0.0000  0.0000  0.0000  0.0000  0.0000
  0.0000  0.0000  0.0000  0.0000  0.0000
spin component  2
  0.0000  0.0000  0.0000  0.0000  0.0000
  0.0000  0.0000  0.0000  0.0000  0.0000
  0.0000  0.0000  0.0000  0.0000  0.0000
  0.0000  0.0000  0.0000  0.0000  0.0000
  0.0000  0.0000  0.0000  0.0000  0.0000

88   2 2
spin component  1
  0.0000  0.0000  0.0000  0.0000  0.0000
  0.0000  0.0000  0.0000  0.0000  0.0000
  0.0000  0.0000  0.0000  0.0000  0.0000
  0.0000  0.0000  0.0000  0.0000  0.0000
  0.0000  0.0000  0.0000  0.0000  0.0000
spin component  2
  0.0000  0.0000  0.0000  0.0000  0.0000
  0.0000  0.0000  0.0000  0.0000  0.0000
  0.0000  0.0000  0.0000  0.0000  0.0000
  0.0000  0.0000  0.0000  0.0000  0.0000
  0.0000  0.0000  0.0000  0.0000  0.0000

89   2 2
spin component  1
  0.0000  0.0000  0.0000  0.0000  0.0000
  0.0000  0.0000  0.0000  0.0000  0.0000
  0.0000  0.0000  0.0000  0.0000  0.0000
  0.0000  0.0000  0.0000  0.0000  0.0000
  0.0000  0.0000  0.0000  0.0000  0.0000
spin component  2
  0.0000  0.0000  0.0000  0.0000  0.0000
  0.0000  0.0000  0.0000  0.0000  0.0000
  0.0000  0.0000  0.0000  0.0000  0.0000
  0.0000  0.0000  0.0000  0.0000  0.0000
  0.0000  0.0000  0.0000  0.0000  0.0000

90   2 2
spin component  1
  0.0000  0.0000  0.0000  0.0000  0.0000
  0.0000  0.0000  0.0000  0.0000  0.0000
  0.0000  0.0000  0.0000  0.0000  0.0000
  0.0000  0.0000  0.0000  0.0000  0.0000
  0.0000  0.0000  0.0000  0.0000  0.0000
spin component  2
  0.0000  0.0000  0.0000  0.0000  0.0000
  0.0000  0.0000  0.0000  0.0000  0.0000
  0.0000  0.0000  0.0000  0.0000  0.0000
  0.0000  0.0000  0.0000  0.0000  0.0000
  0.0000  0.0000  0.0000  0.0000  0.0000

91   2 2
spin component  1
  0.0000  0.0000  0.0000  0.0000  0.0000
  0.0000  0.0000  0.0000  0.0000  0.0000
  0.0000  0.0000  0.0000  0.0000  0.0000
  0.0000  0.0000  0.0000  0.0000  0.0000
  0.0000  0.0000  0.0000  0.0000  0.0000
spin component  2
  0.0000  0.0000  0.0000  0.0000  0.0000
  0.0000  0.0000  0.0000  0.0000  0.0000
  0.0000  0.0000  0.0000  0.0000  0.0000
  0.0000  0.0000  0.0000  0.0000  0.0000
  0.0000  0.0000  0.0000  0.0000  0.0000

92   2 2
spin component  1
  0.0000  0.0000  0.0000  0.0000  0.0000
  0.0000  0.0000  0.0000  0.0000  0.0000
  0.0000  0.0000  0.0000  0.0000  0.0000
  0.0000  0.0000  0.0000  0.0000  0.0000
  0.0000  0.0000  0.0000  0.0000  0.0000
spin component  2
  0.0000  0.0000  0.0000  0.0000  0.0000
  0.0000  0.0000  0.0000  0.0000  0.0000
  0.0000  0.0000  0.0000  0.0000  0.0000
  0.0000  0.0000  0.0000  0.0000  0.0000
  0.0000  0.0000  0.0000  0.0000  0.0000

93   2 2
spin component  1
  0.0000  0.0000  0.0000  0.0000  0.0000
  0.0000  0.0000  0.0000  0.0000  0.0000
  0.0000  0.0000  0.0000  0.0000  0.0000
  0.0000  0.0000  0.0000  0.0000  0.0000
  0.0000  0.0000  0.0000  0.0000  0.0000
spin component  2
  0.0000  0.0000  0.0000  0.0000  0.0000
  0.0000  0.0000  0.0000  0.0000  0.0000
  0.0000  0.0000  0.0000  0.0000  0.0000
  0.0000  0.0000  0.0000  0.0000  0.0000
  0.0000  0.0000  0.0000  0.0000  0.0000

94   2 2
spin component  1
  0.0000  0.0000  0.0000  0.0000  0.0000
  0.0000  0.0000  0.0000  0.0000  0.0000
  0.0000  0.0000  0.0000  0.0000  0.0000
  0.0000  0.0000  0.0000  0.0000  0.0000
  0.0000  0.0000  0.0000  0.0000  0.0000
spin component  2
  0.0000  0.0000  0.0000  0.0000  0.0000
  0.0000  0.0000  0.0000  0.0000  0.0000
  0.0000  0.0000  0.0000  0.0000  0.0000
  0.0000  0.0000  0.0000  0.0000  0.0000
  0.0000  0.0000  0.0000  0.0000  0.0000

95   2 2
spin component  1
  0.0000  0.0000  0.0000  0.0000  0.0000
  0.0000  0.0000  0.0000  0.0000  0.0000
  0.0000  0.0000  0.0000  0.0000  0.0000
  0.0000  0.0000  0.0000  0.0000  0.0000
  0.0000  0.0000  0.0000  0.0000  0.0000
spin component  2
  0.0000  0.0000  0.0000  0.0000  0.0000
  0.0000  0.0000  0.0000  0.0000  0.0000
  0.0000  0.0000  0.0000  0.0000  0.0000
  0.0000  0.0000  0.0000  0.0000  0.0000
  0.0000  0.0000  0.0000  0.0000  0.0000

96   2 2
spin component  1
  0.0000  0.0000  0.0000  0.0000  0.0000
  0.0000  0.0000  0.0000  0.0000  0.0000
  0.0000  0.0000  0.0000  0.0000  0.0000
  0.0000  0.0000  0.0000  0.0000  0.0000
  0.0000  0.0000  0.0000  0.0000  0.0000
spin component  2
  0.0000  0.0000  0.0000  0.0000  0.0000
  0.0000  0.0000  0.0000  0.0000  0.0000
  0.0000  0.0000  0.0000  0.0000  0.0000
  0.0000  0.0000  0.0000  0.0000  0.0000
  0.0000  0.0000  0.0000  0.0000  0.0000

97   2 2
spin component  1
  0.0000  0.0000  0.0000  0.0000  0.0000
  0.0000  0.0000  0.0000  0.0000  0.0000
  0.0000  0.0000  0.0000  0.0000  0.0000
  0.0000  0.0000  0.0000  0.0000  0.0000
  0.0000  0.0000  0.0000  0.0000  0.0000
spin component  2
  0.0000  0.0000  0.0000  0.0000  0.0000
  0.0000  0.0000  0.0000  0.0000  0.0000
  0.0000  0.0000  0.0000  0.0000  0.0000
  0.0000  0.0000  0.0000  0.0000  0.0000
  0.0000  0.0000  0.0000  0.0000  0.0000

98   2 2
spin component  1
  0.0000  0.0000  0.0000  0.0000  0.0000
  0.0000  0.0000  0.0000  0.0000  0.0000
  0.0000  0.0000  0.0000  0.0000  0.0000
  0.0000  0.0000  0.0000  0.0000  0.0000
  0.0000  0.0000  0.0000  0.0000  0.0000
spin component  2
  0.0000  0.0000  0.0000  0.0000  0.0000
  0.0000  0.0000  0.0000  0.0000  0.0000
  0.0000  0.0000  0.0000  0.0000  0.0000
  0.0000  0.0000  0.0000  0.0000  0.0000
  0.0000  0.0000  0.0000  0.0000  0.0000

99   2 2
spin component  1
  0.0000  0.0000  0.0000  0.0000  0.0000
  0.0000  0.0000  0.0000  0.0000  0.0000
  0.0000  0.0000  0.0000  0.0000  0.0000
  0.0000  0.0000  0.0000  0.0000  0.0000
  0.0000  0.0000  0.0000  0.0000  0.0000
spin component  2
  0.0000  0.0000  0.0000  0.0000  0.0000
  0.0000  0.0000  0.0000  0.0000  0.0000
  0.0000  0.0000  0.0000  0.0000  0.0000
  0.0000  0.0000  0.0000  0.0000  0.0000
  0.0000  0.0000  0.0000  0.0000  0.0000

100   2 2
spin component  1
  0.0000  0.0000  0.0000  0.0000  0.0000
  0.0000  0.0000  0.0000  0.0000  0.0000
  0.0000  0.0000  0.0000  0.0000  0.0000
  0.0000  0.0000  0.0000  0.0000  0.0000
  0.0000  0.0000  0.0000  0.0000  0.0000
spin component  2
  0.0000  0.0000  0.0000  0.0000  0.0000
  0.0000  0.0000  0.0000  0.0000  0.0000
  0.0000  0.0000  0.0000  0.0000  0.0000
  0.0000  0.0000  0.0000  0.0000  0.0000
  0.0000  0.0000  0.0000  0.0000  0.0000

101   2 2
spin component  1
  0.0000  0.0000  0.0000  0.0000  0.0000
  0.0000  0.0000  0.0000  0.0000  0.0000
  0.0000  0.0000  0.0000  0.0000  0.0000
  0.0000  0.0000  0.0000  0.0000  0.0000
  0.0000  0.0000  0.0000  0.0000  0.0000
spin component  2
  0.0000  0.0000  0.0000  0.0000  0.0000
  0.0000  0.0000  0.0000  0.0000  0.0000
  0.0000  0.0000  0.0000  0.0000  0.0000
  0.0000  0.0000  0.0000  0.0000  0.0000
  0.0000  0.0000  0.0000  0.0000  0.0000

102   2 2
spin component  1
  0.0000  0.0000  0.0000  0.0000  0.0000
  0.0000  0.0000  0.0000  0.0000  0.0000
  0.0000  0.0000  0.0000  0.0000  0.0000
  0.0000  0.0000  0.0000  0.0000  0.0000
  0.0000  0.0000  0.0000  0.0000  0.0000
spin component  2
  0.0000  0.0000  0.0000  0.0000  0.0000
  0.0000  0.0000  0.0000  0.0000  0.0000
  0.0000  0.0000  0.0000  0.0000  0.0000
  0.0000  0.0000  0.0000  0.0000  0.0000
  0.0000  0.0000  0.0000  0.0000  0.0000

103   2 2
spin component  1
  0.0000  0.0000  0.0000  0.0000  0.0000
  0.0000  0.0000  0.0000  0.0000  0.0000
  0.0000  0.0000  0.0000  0.0000  0.0000
  0.0000  0.0000  0.0000  0.0000  0.0000
  0.0000  0.0000  0.0000  0.0000  0.0000
spin component  2
  0.0000  0.0000  0.0000  0.0000  0.0000
  0.0000  0.0000  0.0000  0.0000  0.0000
  0.0000  0.0000  0.0000  0.0000  0.0000
  0.0000  0.0000  0.0000  0.0000  0.0000
  0.0000  0.0000  0.0000  0.0000  0.0000

104   2 2
spin component  1
  0.0000  0.0000  0.0000  0.0000  0.0000
  0.0000  0.0000  0.0000  0.0000  0.0000
  0.0000  0.0000  0.0000  0.0000  0.0000
  0.0000  0.0000  0.0000  0.0000  0.0000
  0.0000  0.0000  0.0000  0.0000  0.0000
spin component  2
  0.0000  0.0000  0.0000  0.0000  0.0000
  0.0000  0.0000  0.0000  0.0000  0.0000
  0.0000  0.0000  0.0000  0.0000  0.0000
  0.0000  0.0000  0.0000  0.0000  0.0000
  0.0000  0.0000  0.0000  0.0000  0.0000

105   2 2
spin component  1
  0.0000  0.0000  0.0000  0.0000  0.0000
  0.0000  0.0000  0.0000  0.0000  0.0000
  0.0000  0.0000  0.0000  0.0000  0.0000
  0.0000  0.0000  0.0000  0.0000  0.0000
  0.0000  0.0000  0.0000  0.0000  0.0000
spin component  2
  0.0000  0.0000  0.0000  0.0000  0.0000
  0.0000  0.0000  0.0000  0.0000  0.0000
  0.0000  0.0000  0.0000  0.0000  0.0000
  0.0000  0.0000  0.0000  0.0000  0.0000
  0.0000  0.0000  0.0000  0.0000  0.0000

106   2 2
spin component  1
  0.0000  0.0000  0.0000  0.0000  0.0000
  0.0000  0.0000  0.0000  0.0000  0.0000
  0.0000  0.0000  0.0000  0.0000  0.0000
  0.0000  0.0000  0.0000  0.0000  0.0000
  0.0000  0.0000  0.0000  0.0000  0.0000
spin component  2
  0.0000  0.0000  0.0000  0.0000  0.0000
  0.0000  0.0000  0.0000  0.0000  0.0000
  0.0000  0.0000  0.0000  0.0000  0.0000
  0.0000  0.0000  0.0000  0.0000  0.0000
  0.0000  0.0000  0.0000  0.0000  0.0000

107   2 2
spin component  1
  0.0000  0.0000  0.0000  0.0000  0.0000
  0.0000  0.0000  0.0000  0.0000  0.0000
  0.0000  0.0000  0.0000  0.0000  0.0000
  0.0000  0.0000  0.0000  0.0000  0.0000
  0.0000  0.0000  0.0000  0.0000  0.0000
spin component  2
  0.0000  0.0000  0.0000  0.0000  0.0000
  0.0000  0.0000  0.0000  0.0000  0.0000
  0.0000  0.0000  0.0000  0.0000  0.0000
  0.0000  0.0000  0.0000  0.0000  0.0000
  0.0000  0.0000  0.0000  0.0000  0.0000

108   2 2
spin component  1
  0.0000  0.0000  0.0000  0.0000  0.0000
  0.0000  0.0000  0.0000  0.0000  0.0000
  0.0000  0.0000  0.0000  0.0000  0.0000
  0.0000  0.0000  0.0000  0.0000  0.0000
  0.0000  0.0000  0.0000  0.0000  0.0000
spin component  2
  0.0000  0.0000  0.0000  0.0000  0.0000
  0.0000  0.0000  0.0000  0.0000  0.0000
  0.0000  0.0000  0.0000  0.0000  0.0000
  0.0000  0.0000  0.0000  0.0000  0.0000
  0.0000  0.0000  0.0000  0.0000  0.0000
