
1   2 2
spin component  1
  0.1078  0.0002 -0.0000 -0.0003  0.0000
  0.0002  0.1010 -0.0000  0.0002 -0.0005
 -0.0000 -0.0000  0.2406  0.0000 -0.0010
 -0.0003  0.0002  0.0000  0.1027  0.0000
  0.0000 -0.0005 -0.0010  0.0000  0.2482
spin component  2
  0.1075 -0.0001  0.0000 -0.0006 -0.0000
 -0.0001  0.1003 -0.0001 -0.0002 -0.0005
  0.0000 -0.0001  0.2406 -0.0000 -0.0010
 -0.0006 -0.0002 -0.0000  0.1022 -0.0000
 -0.0000 -0.0005 -0.0010 -0.0000  0.2481

2   2 2
spin component  1
  0.1077 -0.0008 -0.0004 -0.0009 -0.0002
 -0.0008  0.1016 -0.0004  0.0001 -0.0001
 -0.0004 -0.0004  0.2405 -0.0003 -0.0000
 -0.0009  0.0001 -0.0003  0.1015  0.0001
 -0.0002 -0.0001 -0.0000  0.0001  0.2470
spin component  2
  0.1072 -0.0006 -0.0003 -0.0008 -0.0002
 -0.0006  0.1014 -0.0004  0.0000 -0.0001
 -0.0003 -0.0004  0.2406 -0.0003  0.0000
 -0.0008  0.0000 -0.0003  0.1011  0.0002
 -0.0002 -0.0001  0.0000  0.0002  0.2470

3   2 2
spin component  1
  0.1078  0.0008  0.0003 -0.0006  0.0002
  0.0008  0.1015 -0.0004  0.0001 -0.0001
  0.0003 -0.0004  0.2405  0.0003 -0.0000
 -0.0006  0.0001  0.0003  0.1011 -0.0001
  0.0002 -0.0001 -0.0000 -0.0001  0.2470
spin component  2
  0.1072  0.0007  0.0003 -0.0011  0.0002
  0.0007  0.1015 -0.0003 -0.0002 -0.0000
  0.0003 -0.0003  0.2406  0.0003 -0.0000
 -0.0011 -0.0002  0.0003  0.1015 -0.0002
  0.0002 -0.0000 -0.0000 -0.0002  0.2470

4   2 2
spin component  1
  0.1082 -0.0001 -0.0000  0.0001 -0.0000
 -0.0001  0.1017 -0.0000  0.0001  0.0000
 -0.0000 -0.0000  0.2396 -0.0000  0.0003
  0.0001  0.0001 -0.0000  0.1011 -0.0000
 -0.0000  0.0000  0.0003 -0.0000  0.2490
spin component  2
  0.1076  0.0001  0.0000 -0.0001  0.0000
  0.0001  0.1018  0.0000 -0.0001 -0.0000
  0.0000  0.0000  0.2397  0.0000  0.0003
 -0.0001 -0.0001  0.0000  0.1010  0.0000
  0.0000 -0.0000  0.0003  0.0000  0.2489

5   2 2
spin component  1
  0.1080 -0.0006  0.0000 -0.0001 -0.0000
 -0.0006  0.1023 -0.0000 -0.0000  0.0000
  0.0000 -0.0000  0.2395  0.0003  0.0011
 -0.0001 -0.0000  0.0003  0.1008  0.0002
 -0.0000  0.0000  0.0011  0.0002  0.2482
spin component  2
  0.1075 -0.0002 -0.0000  0.0001  0.0000
 -0.0002  0.1023 -0.0000  0.0000 -0.0000
 -0.0000 -0.0000  0.2395  0.0003  0.0011
  0.0001  0.0000  0.0003  0.1006  0.0002
  0.0000 -0.0000  0.0011  0.0002  0.2481

6   2 2
spin component  1
  0.1076  0.0004 -0.0000  0.0001 -0.0000
  0.0004  0.1021 -0.0000  0.0000 -0.0000
 -0.0000 -0.0000  0.2395 -0.0003  0.0011
  0.0001  0.0000 -0.0003  0.1008 -0.0002
 -0.0000 -0.0000  0.0011 -0.0002  0.2481
spin component  2
  0.1078  0.0004 -0.0000 -0.0001 -0.0000
  0.0004  0.1025  0.0000 -0.0000  0.0000
 -0.0000  0.0000  0.2395 -0.0003  0.0011
 -0.0001 -0.0000 -0.0003  0.1005 -0.0002
 -0.0000  0.0000  0.0011 -0.0002  0.2482

7   2 2
spin component  1
  0.1079  0.0000  0.0000  0.0007 -0.0000
  0.0000  0.1006  0.0001 -0.0000  0.0005
  0.0000  0.0001  0.2404  0.0000 -0.0010
  0.0007 -0.0000  0.0000  0.1027 -0.0000
 -0.0000  0.0005 -0.0010 -0.0000  0.2480
spin component  2
  0.1073  0.0000 -0.0000  0.0003  0.0000
  0.0000  0.1006  0.0000  0.0001  0.0005
 -0.0000  0.0000  0.2406  0.0000 -0.0010
  0.0003  0.0001  0.0000  0.1021  0.0000
  0.0000  0.0005 -0.0010  0.0000  0.2480

8   2 2
spin component  1
  0.1072 -0.0009  0.0003  0.0008  0.0001
 -0.0009  0.1014  0.0004 -0.0002  0.0001
  0.0003  0.0004  0.2405 -0.0002 -0.0000
  0.0008 -0.0002 -0.0002  0.1014  0.0001
  0.0001  0.0001 -0.0000  0.0001  0.2469
spin component  2
  0.1076 -0.0006  0.0003  0.0009  0.0002
 -0.0006  0.1015  0.0004  0.0001  0.0001
  0.0003  0.0004  0.2405 -0.0003  0.0000
  0.0009  0.0001 -0.0003  0.1012  0.0001
  0.0002  0.0001  0.0000  0.0001  0.2470

9   2 2
spin component  1
  0.1075  0.0006 -0.0003  0.0007 -0.0002
  0.0006  0.1016  0.0004  0.0000  0.0001
 -0.0003  0.0004  0.2406  0.0003 -0.0000
  0.0007  0.0000  0.0003  0.1014 -0.0001
 -0.0002  0.0001 -0.0000 -0.0001  0.2470
spin component  2
  0.1075  0.0008 -0.0003  0.0009 -0.0002
  0.0008  0.1014  0.0004  0.0000  0.0001
 -0.0003  0.0004  0.2406  0.0002  0.0000
  0.0009  0.0000  0.0002  0.1013 -0.0001
 -0.0002  0.0001  0.0000 -0.0001  0.2470

10   2 2
spin component  1
  0.1084 -0.0008 -0.0002 -0.0004 -0.0006
 -0.0008  0.1020  0.0004  0.0002  0.0005
 -0.0002  0.0004  0.2394  0.0001  0.0002
 -0.0004  0.0002  0.0001  0.1015 -0.0000
 -0.0006  0.0005  0.0002 -0.0000  0.2482
spin component  2
  0.1076 -0.0004 -0.0002 -0.0008 -0.0007
 -0.0004  0.1014  0.0004 -0.0000  0.0006
 -0.0002  0.0004  0.2395  0.0001  0.0002
 -0.0008 -0.0000  0.0001  0.1012  0.0000
 -0.0007  0.0006  0.0002  0.0000  0.2482

11   2 2
spin component  1
  0.1086  0.0001 -0.0000 -0.0014 -0.0000
  0.0001  0.1044  0.0046 -0.0002  0.0053
 -0.0000  0.0046  0.2372  0.0000  0.0068
 -0.0014 -0.0002  0.0000  0.1014  0.0000
 -0.0000  0.0053  0.0068  0.0000  0.2492
spin component  2
  0.1079 -0.0001  0.0000 -0.0018  0.0000
 -0.0001  0.1040  0.0048  0.0001  0.0058
  0.0000  0.0048  0.2371 -0.0000  0.0070
 -0.0018  0.0001 -0.0000  0.1005 -0.0000
  0.0000  0.0058  0.0070 -0.0000  0.2496

12   2 2
spin component  1
  0.1080  0.0007  0.0001 -0.0007  0.0006
  0.0007  0.1018  0.0004  0.0001  0.0005
  0.0001  0.0004  0.2395 -0.0001  0.0002
 -0.0007  0.0001 -0.0001  0.1015  0.0000
  0.0006  0.0005  0.0002  0.0000  0.2482
spin component  2
  0.1081  0.0005  0.0002 -0.0005  0.0007
  0.0005  0.1016  0.0004 -0.0002  0.0005
  0.0002  0.0004  0.2396 -0.0001  0.0002
 -0.0005 -0.0002 -0.0001  0.1014 -0.0001
  0.0007  0.0005  0.0002 -0.0001  0.2483

13   2 2
spin component  1
  0.1078 -0.0004  0.0002  0.0006  0.0006
 -0.0004  0.1016 -0.0005 -0.0000 -0.0005
  0.0002 -0.0005  0.2394  0.0001  0.0002
  0.0006 -0.0000  0.0001  0.1015  0.0000
  0.0006 -0.0005  0.0002  0.0000  0.2482
spin component  2
  0.1083 -0.0007  0.0002  0.0006  0.0006
 -0.0007  0.1018 -0.0004 -0.0001 -0.0005
  0.0002 -0.0004  0.2395  0.0001  0.0003
  0.0006 -0.0001  0.0001  0.1013 -0.0000
  0.0006 -0.0005  0.0003 -0.0000  0.2483

14   2 2
spin component  1
  0.1087 -0.0002  0.0000  0.0017 -0.0000
 -0.0002  0.1043 -0.0046 -0.0001 -0.0054
  0.0000 -0.0046  0.2373  0.0000  0.0068
  0.0017 -0.0001  0.0000  0.1011 -0.0000
 -0.0000 -0.0054  0.0068 -0.0000  0.2493
spin component  2
  0.1080  0.0002 -0.0000  0.0016  0.0000
  0.0002  0.1043 -0.0048  0.0001 -0.0058
 -0.0000 -0.0048  0.2373 -0.0000  0.0070
  0.0016  0.0001 -0.0000  0.1009  0.0000
  0.0000 -0.0058  0.0070  0.0000  0.2497

15   2 2
spin component  1
  0.1080  0.0008 -0.0002  0.0005 -0.0006
  0.0008  0.1017 -0.0004  0.0000 -0.0005
 -0.0002 -0.0004  0.2395 -0.0000  0.0002
  0.0005  0.0000 -0.0000  0.1016  0.0000
 -0.0006 -0.0005  0.0002  0.0000  0.2483
spin component  2
  0.1081  0.0004 -0.0002  0.0007 -0.0007
  0.0004  0.1018 -0.0004  0.0001 -0.0006
 -0.0002 -0.0004  0.2396 -0.0001  0.0002
  0.0007  0.0001 -0.0001  0.1013 -0.0000
 -0.0007 -0.0006  0.0002 -0.0000  0.2483

16   2 2
spin component  1
  0.1088 -0.0024 -0.0000 -0.0000 -0.0000
 -0.0024  0.0975 -0.0000  0.0001  0.0001
 -0.0000 -0.0000  0.2356  0.0082 -0.0145
 -0.0000  0.0001  0.0082  0.1120 -0.0112
 -0.0000  0.0001 -0.0145 -0.0112  0.2610
spin component  2
  0.1084 -0.0019  0.0000  0.0001  0.0000
 -0.0019  0.0969  0.0000 -0.0000 -0.0001
  0.0000  0.0000  0.2321  0.0067 -0.0096
  0.0001 -0.0000  0.0067  0.1113 -0.0086
  0.0000 -0.0001 -0.0096 -0.0086  0.2524

17   2 2
spin component  1
  0.0000  0.0000  0.0000  0.0000  0.0000
  0.0000  0.0000  0.0000  0.0000  0.0000
  0.0000  0.0000  0.0000  0.0000  0.0000
  0.0000  0.0000  0.0000  1.0000  0.0000
  0.0000  0.0000  0.0000  0.0000  0.0000
spin component  2
  0.0000  0.0000  0.0000  0.0000  0.0000
  0.0000  0.0000  0.0000  0.0000  0.0000
  0.0000  0.0000  0.0000  0.0000  0.0000
  0.0000  0.0000  0.0000  0.0000  0.0000
  0.0000  0.0000  0.0000  0.0000  0.0000

18   2 2
spin component  1
  0.1087  0.0019 -0.0000  0.0002  0.0000
  0.0019  0.0974  0.0000  0.0001 -0.0000
 -0.0000  0.0000  0.2356 -0.0083 -0.0145
  0.0002  0.0001 -0.0083  0.1120  0.0111
  0.0000 -0.0000 -0.0145  0.0111  0.2610
spin component  2
  0.1086  0.0024  0.0000 -0.0002  0.0000
  0.0024  0.0971 -0.0000 -0.0001  0.0001
  0.0000 -0.0000  0.2321 -0.0066 -0.0096
 -0.0002 -0.0001 -0.0066  0.1113  0.0087
  0.0000  0.0001 -0.0096  0.0087  0.2525

19   2 2
spin component  1
  0.1079 -0.0001 -0.0001  0.0004 -0.0000
 -0.0001  0.1024 -0.0005  0.0002 -0.0011
 -0.0001 -0.0005  0.2390  0.0000  0.0003
  0.0004  0.0002  0.0000  0.1013  0.0000
 -0.0000 -0.0011  0.0003  0.0000  0.2475
spin component  2
  0.1078  0.0001  0.0001  0.0004 -0.0000
  0.0001  0.1022 -0.0006 -0.0002 -0.0010
  0.0001 -0.0006  0.2391 -0.0000  0.0003
  0.0004 -0.0002 -0.0000  0.1013 -0.0000
 -0.0000 -0.0010  0.0003 -0.0000  0.2476

20   2 2
spin component  1
  0.1079  0.0008 -0.0001  0.0002 -0.0010
  0.0008  0.1021 -0.0008 -0.0001 -0.0013
 -0.0001 -0.0008  0.2393 -0.0005  0.0005
  0.0002 -0.0001 -0.0005  0.1013  0.0008
 -0.0010 -0.0013  0.0005  0.0008  0.2475
spin component  2
  0.1073  0.0003 -0.0001  0.0004 -0.0010
  0.0003  0.1021 -0.0008  0.0002 -0.0013
 -0.0001 -0.0008  0.2393 -0.0005  0.0005
  0.0004  0.0002 -0.0005  0.1010  0.0008
 -0.0010 -0.0013  0.0005  0.0008  0.2475

21   2 2
spin component  1
  0.1075 -0.0006  0.0001  0.0004  0.0010
 -0.0006  0.1020 -0.0008 -0.0000 -0.0013
  0.0001 -0.0008  0.2392  0.0005  0.0005
  0.0004 -0.0000  0.0005  0.1010 -0.0008
  0.0010 -0.0013  0.0005 -0.0008  0.2474
spin component  2
  0.1076 -0.0005  0.0001  0.0002  0.0010
 -0.0005  0.1021 -0.0008 -0.0001 -0.0013
  0.0001 -0.0008  0.2393  0.0005  0.0005
  0.0002 -0.0001  0.0005  0.1012 -0.0008
  0.0010 -0.0013  0.0005 -0.0008  0.2475

22   2 2
spin component  1
  0.1078  0.0002  0.0000 -0.0004 -0.0000
  0.0002  0.1022  0.0005 -0.0000  0.0010
  0.0000  0.0005  0.2389  0.0000  0.0003
 -0.0004 -0.0000  0.0000  0.1012  0.0000
 -0.0000  0.0010  0.0003  0.0000  0.2474
spin component  2
  0.1078 -0.0002 -0.0000 -0.0004  0.0000
 -0.0002  0.1024  0.0006  0.0000  0.0010
 -0.0000  0.0006  0.2391 -0.0000  0.0003
 -0.0004  0.0000 -0.0000  0.1012 -0.0000
  0.0000  0.0010  0.0003 -0.0000  0.2475

23   2 2
spin component  1
  0.1081  0.0005  0.0001 -0.0001  0.0010
  0.0005  0.1021  0.0008 -0.0001  0.0013
  0.0001  0.0008  0.2393 -0.0005  0.0005
 -0.0001 -0.0001 -0.0005  0.1012  0.0008
  0.0010  0.0013  0.0005  0.0008  0.2476
spin component  2
  0.1070  0.0006  0.0001 -0.0005  0.0010
  0.0006  0.1021  0.0008  0.0000  0.0013
  0.0001  0.0008  0.2394 -0.0005  0.0005
 -0.0005  0.0000 -0.0005  0.1011  0.0008
  0.0010  0.0013  0.0005  0.0008  0.2475

24   2 2
spin component  1
  0.1074 -0.0005 -0.0001 -0.0001 -0.0010
 -0.0005  0.1023  0.0008 -0.0000  0.0013
 -0.0001  0.0008  0.2393  0.0006  0.0005
 -0.0001 -0.0000  0.0006  0.1010 -0.0008
 -0.0010  0.0013  0.0005 -0.0008  0.2475
spin component  2
  0.1078 -0.0007 -0.0001 -0.0005 -0.0010
 -0.0007  0.1019  0.0008  0.0001  0.0013
 -0.0001  0.0008  0.2394  0.0005  0.0005
 -0.0005  0.0001  0.0005  0.1013 -0.0008
 -0.0010  0.0013  0.0005 -0.0008  0.2476

25   2 2
spin component  1
  0.1094 -0.0002  0.0000  0.0001  0.0000
 -0.0002  0.0983  0.0000 -0.0001 -0.0000
  0.0000  0.0000  0.2404 -0.0000 -0.0069
  0.0001 -0.0001 -0.0000  0.1047  0.0000
  0.0000 -0.0000 -0.0069  0.0000  0.2530
spin component  2
  0.1090  0.0002 -0.0000 -0.0001 -0.0000
  0.0002  0.0983  0.0000  0.0002  0.0000
 -0.0000  0.0000  0.2400  0.0000 -0.0068
 -0.0001  0.0002  0.0000  0.1049 -0.0000
 -0.0000  0.0000 -0.0068 -0.0000  0.2530

26   2 2
spin component  1
  0.1071  0.0013  0.0000 -0.0001  0.0000
  0.0013  0.1031 -0.0000 -0.0001  0.0000
  0.0000 -0.0000  0.2458 -0.0028 -0.0034
 -0.0001 -0.0001 -0.0028  0.0987  0.0007
  0.0000  0.0000 -0.0034  0.0007  0.2496
spin component  2
  0.1063  0.0016 -0.0000  0.0001 -0.0000
  0.0016  0.1033  0.0000  0.0001 -0.0000
 -0.0000  0.0000  0.2441 -0.0030 -0.0057
  0.0001  0.0001 -0.0030  0.0982  0.0002
 -0.0000 -0.0000 -0.0057  0.0002  0.2467

27   2 2
spin component  1
  0.1068 -0.0014  0.0000  0.0003  0.0000
 -0.0014  0.1034  0.0000  0.0000 -0.0000
  0.0000  0.0000  0.2457  0.0028 -0.0034
  0.0003  0.0000  0.0028  0.0987 -0.0007
  0.0000 -0.0000 -0.0034 -0.0007  0.2496
spin component  2
  0.1066 -0.0014 -0.0000 -0.0003  0.0000
 -0.0014  0.1030  0.0000 -0.0000  0.0000
 -0.0000  0.0000  0.2441  0.0029 -0.0057
 -0.0003 -0.0000  0.0029  0.0981 -0.0002
  0.0000  0.0000 -0.0057 -0.0002  0.2467

28   2 2
spin component  1
  0.1080  0.0004 -0.0002  0.0007  0.0008
  0.0004  0.1008 -0.0005  0.0002 -0.0006
 -0.0002 -0.0005  0.2398 -0.0002 -0.0006
  0.0007  0.0002 -0.0002  0.1027  0.0012
  0.0008 -0.0006 -0.0006  0.0012  0.2475
spin component  2
  0.1074  0.0003 -0.0002  0.0007  0.0008
  0.0003  0.1012 -0.0005 -0.0000 -0.0006
 -0.0002 -0.0005  0.2398 -0.0002 -0.0005
  0.0007 -0.0000 -0.0002  0.1022  0.0013
  0.0008 -0.0006 -0.0005  0.0013  0.2475

29   2 2
spin component  1
  0.1124  0.0001  0.0000  0.0041 -0.0000
  0.0001  0.1005 -0.0019  0.0000 -0.0009
  0.0000 -0.0019  0.2416 -0.0000  0.0056
  0.0041  0.0000 -0.0000  0.1017  0.0001
 -0.0000 -0.0009  0.0056  0.0001  0.2482
spin component  2
  0.1096 -0.0000  0.0000  0.0029 -0.0000
 -0.0000  0.1005 -0.0018 -0.0000 -0.0008
  0.0000 -0.0018  0.2413  0.0000  0.0059
  0.0029 -0.0000  0.0000  0.0997 -0.0001
 -0.0000 -0.0008  0.0059 -0.0001  0.2483

30   2 2
spin component  1
  0.1078 -0.0004  0.0002  0.0007 -0.0008
 -0.0004  0.1009 -0.0005 -0.0001 -0.0006
  0.0002 -0.0005  0.2397  0.0002 -0.0006
  0.0007 -0.0001  0.0002  0.1025 -0.0013
 -0.0008 -0.0006 -0.0006 -0.0013  0.2474
spin component  2
  0.1074 -0.0003  0.0002  0.0006 -0.0007
 -0.0003  0.1010 -0.0005  0.0000 -0.0006
  0.0002 -0.0005  0.2397  0.0003 -0.0005
  0.0006  0.0000  0.0003  0.1023 -0.0012
 -0.0007 -0.0006 -0.0005 -0.0012  0.2474

31   2 2
spin component  1
  0.1080  0.0002  0.0000 -0.0000 -0.0000
  0.0002  0.1017  0.0000  0.0000  0.0000
  0.0000  0.0000  0.2391 -0.0006  0.0003
 -0.0000  0.0000 -0.0006  0.1019  0.0008
 -0.0000  0.0000  0.0003  0.0008  0.2477
spin component  2
  0.1077  0.0006 -0.0000  0.0000  0.0000
  0.0006  0.1014 -0.0000 -0.0000 -0.0000
 -0.0000 -0.0000  0.2392 -0.0006  0.0002
  0.0000 -0.0000 -0.0006  0.1015  0.0009
  0.0000 -0.0000  0.0002  0.0009  0.2477

32   2 2
spin component  1
  0.1088  0.0001 -0.0000  0.0001 -0.0000
  0.0001  0.1037  0.0000  0.0001 -0.0000
 -0.0000  0.0000  0.2393  0.0000  0.0052
  0.0001  0.0001  0.0000  0.0998 -0.0000
 -0.0000 -0.0000  0.0052 -0.0000  0.2509
spin component  2
  0.1082 -0.0001 -0.0000 -0.0001  0.0000
 -0.0001  0.1035 -0.0000 -0.0001  0.0000
 -0.0000 -0.0000  0.2393  0.0000  0.0052
 -0.0001 -0.0001  0.0000  0.0991  0.0000
  0.0000  0.0000  0.0052  0.0000  0.2510

33   2 2
spin component  1
  0.1076 -0.0005 -0.0000  0.0001  0.0000
 -0.0005  0.1018  0.0000 -0.0000 -0.0000
 -0.0000  0.0000  0.2392  0.0006  0.0003
  0.0001 -0.0000  0.0006  0.1021 -0.0008
  0.0000 -0.0000  0.0003 -0.0008  0.2478
spin component  2
  0.1082 -0.0003  0.0000 -0.0001 -0.0000
 -0.0003  0.1014 -0.0000  0.0000  0.0000
  0.0000 -0.0000  0.2392  0.0006  0.0002
 -0.0001  0.0000  0.0006  0.1014 -0.0008
 -0.0000  0.0000  0.0002 -0.0008  0.2479

34   2 2
spin component  1
  0.1077  0.0004  0.0002 -0.0006 -0.0008
  0.0004  0.1009  0.0005 -0.0002  0.0006
  0.0002  0.0005  0.2397 -0.0003 -0.0006
 -0.0006 -0.0002 -0.0003  0.1025  0.0012
 -0.0008  0.0006 -0.0006  0.0012  0.2473
spin component  2
  0.1075  0.0003  0.0001 -0.0007 -0.0008
  0.0003  0.1010  0.0005  0.0001  0.0006
  0.0001  0.0005  0.2396 -0.0002 -0.0005
 -0.0007  0.0001 -0.0002  0.1022  0.0012
 -0.0008  0.0006 -0.0005  0.0012  0.2473

35   2 2
spin component  1
  0.1129  0.0000 -0.0000 -0.0040  0.0000
  0.0000  0.1005  0.0019  0.0001  0.0008
 -0.0000  0.0019  0.2417 -0.0000  0.0057
 -0.0040  0.0001 -0.0000  0.1013 -0.0000
  0.0000  0.0008  0.0057 -0.0000  0.2483
spin component  2
  0.1092 -0.0000  0.0000 -0.0030 -0.0000
 -0.0000  0.1005  0.0018 -0.0001  0.0008
  0.0000  0.0018  0.2414  0.0000  0.0058
 -0.0030 -0.0001  0.0000  0.1002  0.0000
 -0.0000  0.0008  0.0058  0.0000  0.2483

36   2 2
spin component  1
  0.1079 -0.0003 -0.0002 -0.0009  0.0008
 -0.0003  0.1010  0.0005  0.0002  0.0006
 -0.0002  0.0005  0.2397  0.0003 -0.0006
 -0.0009  0.0002  0.0003  0.1024 -0.0012
  0.0008  0.0006 -0.0006 -0.0012  0.2474
spin component  2
  0.1074 -0.0004 -0.0002 -0.0004  0.0007
 -0.0004  0.1009  0.0005 -0.0001  0.0006
 -0.0002  0.0005  0.2397  0.0002 -0.0005
 -0.0004 -0.0001  0.0002  0.1024 -0.0013
  0.0007  0.0006 -0.0005 -0.0013  0.2474

37   2 2
spin component  1
  0.0000  0.0000  0.0000  0.0000  0.0000
  0.0000  0.0000  0.0000  0.0000  0.0000
  0.0000  0.0000  0.0000  0.0000  0.0000
  0.0000  0.0000  0.0000  0.0000  0.0000
  0.0000  0.0000  0.0000  0.0000  0.0000
spin component  2
  0.0000  0.0000  0.0000  0.0000  0.0000
  0.0000  0.0000  0.0000  0.0000  0.0000
  0.0000  0.0000  0.0000  0.0000  0.0000
  0.0000  0.0000  0.0000  0.0000  0.0000
  0.0000  0.0000  0.0000  0.0000  0.0000

38   2 2
spin component  1
  0.0000  0.0000  0.0000  0.0000  0.0000
  0.0000  0.0000  0.0000  0.0000  0.0000
  0.0000  0.0000  0.0000  0.0000  0.0000
  0.0000  0.0000  0.0000  0.0000  0.0000
  0.0000  0.0000  0.0000  0.0000  0.0000
spin component  2
  0.0000  0.0000  0.0000  0.0000  0.0000
  0.0000  0.0000  0.0000  0.0000  0.0000
  0.0000  0.0000  0.0000  0.0000  0.0000
  0.0000  0.0000  0.0000  0.0000  0.0000
  0.0000  0.0000  0.0000  0.0000  0.0000

39   2 2
spin component  1
  0.0000  0.0000  0.0000  0.0000  0.0000
  0.0000  0.0000  0.0000  0.0000  0.0000
  0.0000  0.0000  0.0000  0.0000  0.0000
  0.0000  0.0000  0.0000  0.0000  0.0000
  0.0000  0.0000  0.0000  0.0000  0.0000
spin component  2
  0.0000  0.0000  0.0000  0.0000  0.0000
  0.0000  0.0000  0.0000  0.0000  0.0000
  0.0000  0.0000  0.0000  0.0000  0.0000
  0.0000  0.0000  0.0000  0.0000  0.0000
  0.0000  0.0000  0.0000  0.0000  0.0000

40   2 2
spin component  1
  0.0000  0.0000  0.0000  0.0000  0.0000
  0.0000  0.0000  0.0000  0.0000  0.0000
  0.0000  0.0000  0.0000  0.0000  0.0000
  0.0000  0.0000  0.0000  0.0000  0.0000
  0.0000  0.0000  0.0000  0.0000  0.0000
spin component  2
  0.0000  0.0000  0.0000  0.0000  0.0000
  0.0000  0.0000  0.0000  0.0000  0.0000
  0.0000  0.0000  0.0000  0.0000  0.0000
  0.0000  0.0000  0.0000  0.0000  0.0000
  0.0000  0.0000  0.0000  0.0000  0.0000

41   2 2
spin component  1
  0.0000  0.0000  0.0000  0.0000  0.0000
  0.0000  0.0000  0.0000  0.0000  0.0000
  0.0000  0.0000  0.0000  0.0000  0.0000
  0.0000  0.0000  0.0000  0.0000  0.0000
  0.0000  0.0000  0.0000  0.0000  0.0000
spin component  2
  0.0000  0.0000  0.0000  0.0000  0.0000
  0.0000  0.0000  0.0000  0.0000  0.0000
  0.0000  0.0000  0.0000  0.0000  0.0000
  0.0000  0.0000  0.0000  0.0000  0.0000
  0.0000  0.0000  0.0000  0.0000  0.0000

42   2 2
spin component  1
  0.0000  0.0000  0.0000  0.0000  0.0000
  0.0000  0.0000  0.0000  0.0000  0.0000
  0.0000  0.0000  0.0000  0.0000  0.0000
  0.0000  0.0000  0.0000  0.0000  0.0000
  0.0000  0.0000  0.0000  0.0000  0.0000
spin component  2
  0.0000  0.0000  0.0000  0.0000  0.0000
  0.0000  0.0000  0.0000  0.0000  0.0000
  0.0000  0.0000  0.0000  0.0000  0.0000
  0.0000  0.0000  0.0000  0.0000  0.0000
  0.0000  0.0000  0.0000  0.0000  0.0000

43   2 2
spin component  1
  0.0000  0.0000  0.0000  0.0000  0.0000
  0.0000  0.0000  0.0000  0.0000  0.0000
  0.0000  0.0000  0.0000  0.0000  0.0000
  0.0000  0.0000  0.0000  0.0000  0.0000
  0.0000  0.0000  0.0000  0.0000  0.0000
spin component  2
  0.0000  0.0000  0.0000  0.0000  0.0000
  0.0000  0.0000  0.0000  0.0000  0.0000
  0.0000  0.0000  0.0000  0.0000  0.0000
  0.0000  0.0000  0.0000  0.0000  0.0000
  0.0000  0.0000  0.0000  0.0000  0.0000

44   2 2
spin component  1
  0.0000  0.0000  0.0000  0.0000  0.0000
  0.0000  0.0000  0.0000  0.0000  0.0000
  0.0000  0.0000  0.0000  0.0000  0.0000
  0.0000  0.0000  0.0000  0.0000  0.0000
  0.0000  0.0000  0.0000  0.0000  0.0000
spin component  2
  0.0000  0.0000  0.0000  0.0000  0.0000
  0.0000  0.0000  0.0000  0.0000  0.0000
  0.0000  0.0000  0.0000  0.0000  0.0000
  0.0000  0.0000  0.0000  0.0000  0.0000
  0.0000  0.0000  0.0000  0.0000  0.0000

45   2 2
spin component  1
  0.0000  0.0000  0.0000  0.0000  0.0000
  0.0000  0.0000  0.0000  0.0000  0.0000
  0.0000  0.0000  0.0000  0.0000  0.0000
  0.0000  0.0000  0.0000  0.0000  0.0000
  0.0000  0.0000  0.0000  0.0000  0.0000
spin component  2
  0.0000  0.0000  0.0000  0.0000  0.0000
  0.0000  0.0000  0.0000  0.0000  0.0000
  0.0000  0.0000  0.0000  0.0000  0.0000
  0.0000  0.0000  0.0000  0.0000  0.0000
  0.0000  0.0000  0.0000  0.0000  0.0000

46   2 2
spin component  1
  0.0000  0.0000  0.0000  0.0000  0.0000
  0.0000  0.0000  0.0000  0.0000  0.0000
  0.0000  0.0000  0.0000  0.0000  0.0000
  0.0000  0.0000  0.0000  0.0000  0.0000
  0.0000  0.0000  0.0000  0.0000  0.0000
spin component  2
  0.0000  0.0000  0.0000  0.0000  0.0000
  0.0000  0.0000  0.0000  0.0000  0.0000
  0.0000  0.0000  0.0000  0.0000  0.0000
  0.0000  0.0000  0.0000  0.0000  0.0000
  0.0000  0.0000  0.0000  0.0000  0.0000

47   2 2
spin component  1
  0.0000  0.0000  0.0000  0.0000  0.0000
  0.0000  0.0000  0.0000  0.0000  0.0000
  0.0000  0.0000  0.0000  0.0000  0.0000
  0.0000  0.0000  0.0000  0.0000  0.0000
  0.0000  0.0000  0.0000  0.0000  0.0000
spin component  2
  0.0000  0.0000  0.0000  0.0000  0.0000
  0.0000  0.0000  0.0000  0.0000  0.0000
  0.0000  0.0000  0.0000  0.0000  0.0000
  0.0000  0.0000  0.0000  0.0000  0.0000
  0.0000  0.0000  0.0000  0.0000  0.0000

48   2 2
spin component  1
  0.0000  0.0000  0.0000  0.0000  0.0000
  0.0000  0.0000  0.0000  0.0000  0.0000
  0.0000  0.0000  0.0000  0.0000  0.0000
  0.0000  0.0000  0.0000  0.0000  0.0000
  0.0000  0.0000  0.0000  0.0000  0.0000
spin component  2
  0.0000  0.0000  0.0000  0.0000  0.0000
  0.0000  0.0000  0.0000  0.0000  0.0000
  0.0000  0.0000  0.0000  0.0000  0.0000
  0.0000  0.0000  0.0000  0.0000  0.0000
  0.0000  0.0000  0.0000  0.0000  0.0000

49   2 2
spin component  1
  0.0000  0.0000  0.0000  0.0000  0.0000
  0.0000  0.0000  0.0000  0.0000  0.0000
  0.0000  0.0000  0.0000  0.0000  0.0000
  0.0000  0.0000  0.0000  0.0000  0.0000
  0.0000  0.0000  0.0000  0.0000  0.0000
spin component  2
  0.0000  0.0000  0.0000  0.0000  0.0000
  0.0000  0.0000  0.0000  0.0000  0.0000
  0.0000  0.0000  0.0000  0.0000  0.0000
  0.0000  0.0000  0.0000  0.0000  0.0000
  0.0000  0.0000  0.0000  0.0000  0.0000

50   2 2
spin component  1
  0.0000  0.0000  0.0000  0.0000  0.0000
  0.0000  0.0000  0.0000  0.0000  0.0000
  0.0000  0.0000  0.0000  0.0000  0.0000
  0.0000  0.0000  0.0000  0.0000  0.0000
  0.0000  0.0000  0.0000  0.0000  0.0000
spin component  2
  0.0000  0.0000  0.0000  0.0000  0.0000
  0.0000  0.0000  0.0000  0.0000  0.0000
  0.0000  0.0000  0.0000  0.0000  0.0000
  0.0000  0.0000  0.0000  0.0000  0.0000
  0.0000  0.0000  0.0000  0.0000  0.0000

51   2 2
spin component  1
  0.0000  0.0000  0.0000  0.0000  0.0000
  0.0000  0.0000  0.0000  0.0000  0.0000
  0.0000  0.0000  0.0000  0.0000  0.0000
  0.0000  0.0000  0.0000  0.0000  0.0000
  0.0000  0.0000  0.0000  0.0000  0.0000
spin component  2
  0.0000  0.0000  0.0000  0.0000  0.0000
  0.0000  0.0000  0.0000  0.0000  0.0000
  0.0000  0.0000  0.0000  0.0000  0.0000
  0.0000  0.0000  0.0000  0.0000  0.0000
  0.0000  0.0000  0.0000  0.0000  0.0000

52   2 2
spin component  1
  0.0000  0.0000  0.0000  0.0000  0.0000
  0.0000  0.0000  0.0000  0.0000  0.0000
  0.0000  0.0000  0.0000  0.0000  0.0000
  0.0000  0.0000  0.0000  0.0000  0.0000
  0.0000  0.0000  0.0000  0.0000  0.0000
spin component  2
  0.0000  0.0000  0.0000  0.0000  0.0000
  0.0000  0.0000  0.0000  0.0000  0.0000
  0.0000  0.0000  0.0000  0.0000  0.0000
  0.0000  0.0000  0.0000  0.0000  0.0000
  0.0000  0.0000  0.0000  0.0000  0.0000

53   2 2
spin component  1
  0.0000  0.0000  0.0000  0.0000  0.0000
  0.0000  0.0000  0.0000  0.0000  0.0000
  0.0000  0.0000  0.0000  0.0000  0.0000
  0.0000  0.0000  0.0000  0.0000  0.0000
  0.0000  0.0000  0.0000  0.0000  0.0000
spin component  2
  0.0000  0.0000  0.0000  0.0000  0.0000
  0.0000  0.0000  0.0000  0.0000  0.0000
  0.0000  0.0000  0.0000  0.0000  0.0000
  0.0000  0.0000  0.0000  0.0000  0.0000
  0.0000  0.0000  0.0000  0.0000  0.0000

54   2 2
spin component  1
  0.0000  0.0000  0.0000  0.0000  0.0000
  0.0000  0.0000  0.0000  0.0000  0.0000
  0.0000  0.0000  0.0000  0.0000  0.0000
  0.0000  0.0000  0.0000  0.0000  0.0000
  0.0000  0.0000  0.0000  0.0000  0.0000
spin component  2
  0.0000  0.0000  0.0000  0.0000  0.0000
  0.0000  0.0000  0.0000  0.0000  0.0000
  0.0000  0.0000  0.0000  0.0000  0.0000
  0.0000  0.0000  0.0000  0.0000  0.0000
  0.0000  0.0000  0.0000  0.0000  0.0000

55   2 2
spin component  1
  0.0000  0.0000  0.0000  0.0000  0.0000
  0.0000  0.0000  0.0000  0.0000  0.0000
  0.0000  0.0000  0.0000  0.0000  0.0000
  0.0000  0.0000  0.0000  0.0000  0.0000
  0.0000  0.0000  0.0000  0.0000  0.0000
spin component  2
  0.0000  0.0000  0.0000  0.0000  0.0000
  0.0000  0.0000  0.0000  0.0000  0.0000
  0.0000  0.0000  0.0000  0.0000  0.0000
  0.0000  0.0000  0.0000  0.0000  0.0000
  0.0000  0.0000  0.0000  0.0000  0.0000

56   2 2
spin component  1
  0.0000  0.0000  0.0000  0.0000  0.0000
  0.0000  0.0000  0.0000  0.0000  0.0000
  0.0000  0.0000  0.0000  0.0000  0.0000
  0.0000  0.0000  0.0000  0.0000  0.0000
  0.0000  0.0000  0.0000  0.0000  0.0000
spin component  2
  0.0000  0.0000  0.0000  0.0000  0.0000
  0.0000  0.0000  0.0000  0.0000  0.0000
  0.0000  0.0000  0.0000  0.0000  0.0000
  0.0000  0.0000  0.0000  0.0000  0.0000
  0.0000  0.0000  0.0000  0.0000  0.0000

57   2 2
spin component  1
  0.0000  0.0000  0.0000  0.0000  0.0000
  0.0000  0.0000  0.0000  0.0000  0.0000
  0.0000  0.0000  0.0000  0.0000  0.0000
  0.0000  0.0000  0.0000  0.0000  0.0000
  0.0000  0.0000  0.0000  0.0000  0.0000
spin component  2
  0.0000  0.0000  0.0000  0.0000  0.0000
  0.0000  0.0000  0.0000  0.0000  0.0000
  0.0000  0.0000  0.0000  0.0000  0.0000
  0.0000  0.0000  0.0000  0.0000  0.0000
  0.0000  0.0000  0.0000  0.0000  0.0000

58   2 2
spin component  1
  0.0000  0.0000  0.0000  0.0000  0.0000
  0.0000  0.0000  0.0000  0.0000  0.0000
  0.0000  0.0000  0.0000  0.0000  0.0000
  0.0000  0.0000  0.0000  0.0000  0.0000
  0.0000  0.0000  0.0000  0.0000  0.0000
spin component  2
  0.0000  0.0000  0.0000  0.0000  0.0000
  0.0000  0.0000  0.0000  0.0000  0.0000
  0.0000  0.0000  0.0000  0.0000  0.0000
  0.0000  0.0000  0.0000  0.0000  0.0000
  0.0000  0.0000  0.0000  0.0000  0.0000

59   2 2
spin component  1
  0.0000  0.0000  0.0000  0.0000  0.0000
  0.0000  0.0000  0.0000  0.0000  0.0000
  0.0000  0.0000  0.0000  0.0000  0.0000
  0.0000  0.0000  0.0000  0.0000  0.0000
  0.0000  0.0000  0.0000  0.0000  0.0000
spin component  2
  0.0000  0.0000  0.0000  0.0000  0.0000
  0.0000  0.0000  0.0000  0.0000  0.0000
  0.0000  0.0000  0.0000  0.0000  0.0000
  0.0000  0.0000  0.0000  0.0000  0.0000
  0.0000  0.0000  0.0000  0.0000  0.0000

60   2 2
spin component  1
  0.0000  0.0000  0.0000  0.0000  0.0000
  0.0000  0.0000  0.0000  0.0000  0.0000
  0.0000  0.0000  0.0000  0.0000  0.0000
  0.0000  0.0000  0.0000  0.0000  0.0000
  0.0000  0.0000  0.0000  0.0000  0.0000
spin component  2
  0.0000  0.0000  0.0000  0.0000  0.0000
  0.0000  0.0000  0.0000  0.0000  0.0000
  0.0000  0.0000  0.0000  0.0000  0.0000
  0.0000  0.0000  0.0000  0.0000  0.0000
  0.0000  0.0000  0.0000  0.0000  0.0000

61   2 2
spin component  1
  0.0000  0.0000  0.0000  0.0000  0.0000
  0.0000  0.0000  0.0000  0.0000  0.0000
  0.0000  0.0000  0.0000  0.0000  0.0000
  0.0000  0.0000  0.0000  0.0000  0.0000
  0.0000  0.0000  0.0000  0.0000  0.0000
spin component  2
  0.0000  0.0000  0.0000  0.0000  0.0000
  0.0000  0.0000  0.0000  0.0000  0.0000
  0.0000  0.0000  0.0000  0.0000  0.0000
  0.0000  0.0000  0.0000  0.0000  0.0000
  0.0000  0.0000  0.0000  0.0000  0.0000

62   2 2
spin component  1
  0.0000  0.0000  0.0000  0.0000  0.0000
  0.0000  0.0000  0.0000  0.0000  0.0000
  0.0000  0.0000  0.0000  0.0000  0.0000
  0.0000  0.0000  0.0000  0.0000  0.0000
  0.0000  0.0000  0.0000  0.0000  0.0000
spin component  2
  0.0000  0.0000  0.0000  0.0000  0.0000
  0.0000  0.0000  0.0000  0.0000  0.0000
  0.0000  0.0000  0.0000  0.0000  0.0000
  0.0000  0.0000  0.0000  0.0000  0.0000
  0.0000  0.0000  0.0000  0.0000  0.0000

63   2 2
spin component  1
  0.0000  0.0000  0.0000  0.0000  0.0000
  0.0000  0.0000  0.0000  0.0000  0.0000
  0.0000  0.0000  0.0000  0.0000  0.0000
  0.0000  0.0000  0.0000  0.0000  0.0000
  0.0000  0.0000  0.0000  0.0000  0.0000
spin component  2
  0.0000  0.0000  0.0000  0.0000  0.0000
  0.0000  0.0000  0.0000  0.0000  0.0000
  0.0000  0.0000  0.0000  0.0000  0.0000
  0.0000  0.0000  0.0000  0.0000  0.0000
  0.0000  0.0000  0.0000  0.0000  0.0000

64   2 2
spin component  1
  0.0000  0.0000  0.0000  0.0000  0.0000
  0.0000  0.0000  0.0000  0.0000  0.0000
  0.0000  0.0000  0.0000  0.0000  0.0000
  0.0000  0.0000  0.0000  0.0000  0.0000
  0.0000  0.0000  0.0000  0.0000  0.0000
spin component  2
  0.0000  0.0000  0.0000  0.0000  0.0000
  0.0000  0.0000  0.0000  0.0000  0.0000
  0.0000  0.0000  0.0000  0.0000  0.0000
  0.0000  0.0000  0.0000  0.0000  0.0000
  0.0000  0.0000  0.0000  0.0000  0.0000

65   2 2
spin component  1
  0.0000  0.0000  0.0000  0.0000  0.0000
  0.0000  0.0000  0.0000  0.0000  0.0000
  0.0000  0.0000  0.0000  0.0000  0.0000
  0.0000  0.0000  0.0000  0.0000  0.0000
  0.0000  0.0000  0.0000  0.0000  0.0000
spin component  2
  0.0000  0.0000  0.0000  0.0000  0.0000
  0.0000  0.0000  0.0000  0.0000  0.0000
  0.0000  0.0000  0.0000  0.0000  0.0000
  0.0000  0.0000  0.0000  0.0000  0.0000
  0.0000  0.0000  0.0000  0.0000  0.0000

66   2 2
spin component  1
  0.0000  0.0000  0.0000  0.0000  0.0000
  0.0000  0.0000  0.0000  0.0000  0.0000
  0.0000  0.0000  0.0000  0.0000  0.0000
  0.0000  0.0000  0.0000  0.0000  0.0000
  0.0000  0.0000  0.0000  0.0000  0.0000
spin component  2
  0.0000  0.0000  0.0000  0.0000  0.0000
  0.0000  0.0000  0.0000  0.0000  0.0000
  0.0000  0.0000  0.0000  0.0000  0.0000
  0.0000  0.0000  0.0000  0.0000  0.0000
  0.0000  0.0000  0.0000  0.0000  0.0000

67   2 2
spin component  1
  0.0000  0.0000  0.0000  0.0000  0.0000
  0.0000  0.0000  0.0000  0.0000  0.0000
  0.0000  0.0000  0.0000  0.0000  0.0000
  0.0000  0.0000  0.0000  0.0000  0.0000
  0.0000  0.0000  0.0000  0.0000  0.0000
spin component  2
  0.0000  0.0000  0.0000  0.0000  0.0000
  0.0000  0.0000  0.0000  0.0000  0.0000
  0.0000  0.0000  0.0000  0.0000  0.0000
  0.0000  0.0000  0.0000  0.0000  0.0000
  0.0000  0.0000  0.0000  0.0000  0.0000

68   2 2
spin component  1
  0.0000  0.0000  0.0000  0.0000  0.0000
  0.0000  0.0000  0.0000  0.0000  0.0000
  0.0000  0.0000  0.0000  0.0000  0.0000
  0.0000  0.0000  0.0000  0.0000  0.0000
  0.0000  0.0000  0.0000  0.0000  0.0000
spin component  2
  0.0000  0.0000  0.0000  0.0000  0.0000
  0.0000  0.0000  0.0000  0.0000  0.0000
  0.0000  0.0000  0.0000  0.0000  0.0000
  0.0000  0.0000  0.0000  0.0000  0.0000
  0.0000  0.0000  0.0000  0.0000  0.0000

69   2 2
spin component  1
  0.0000  0.0000  0.0000  0.0000  0.0000
  0.0000  0.0000  0.0000  0.0000  0.0000
  0.0000  0.0000  0.0000  0.0000  0.0000
  0.0000  0.0000  0.0000  0.0000  0.0000
  0.0000  0.0000  0.0000  0.0000  0.0000
spin component  2
  0.0000  0.0000  0.0000  0.0000  0.0000
  0.0000  0.0000  0.0000  0.0000  0.0000
  0.0000  0.0000  0.0000  0.0000  0.0000
  0.0000  0.0000  0.0000  0.0000  0.0000
  0.0000  0.0000  0.0000  0.0000  0.0000

70   2 2
spin component  1
  0.0000  0.0000  0.0000  0.0000  0.0000
  0.0000  0.0000  0.0000  0.0000  0.0000
  0.0000  0.0000  0.0000  0.0000  0.0000
  0.0000  0.0000  0.0000  0.0000  0.0000
  0.0000  0.0000  0.0000  0.0000  0.0000
spin component  2
  0.0000  0.0000  0.0000  0.0000  0.0000
  0.0000  0.0000  0.0000  0.0000  0.0000
  0.0000  0.0000  0.0000  0.0000  0.0000
  0.0000  0.0000  0.0000  0.0000  0.0000
  0.0000  0.0000  0.0000  0.0000  0.0000

71   2 2
spin component  1
  0.0000  0.0000  0.0000  0.0000  0.0000
  0.0000  0.0000  0.0000  0.0000  0.0000
  0.0000  0.0000  0.0000  0.0000  0.0000
  0.0000  0.0000  0.0000  0.0000  0.0000
  0.0000  0.0000  0.0000  0.0000  0.0000
spin component  2
  0.0000  0.0000  0.0000  0.0000  0.0000
  0.0000  0.0000  0.0000  0.0000  0.0000
  0.0000  0.0000  0.0000  0.0000  0.0000
  0.0000  0.0000  0.0000  0.0000  0.0000
  0.0000  0.0000  0.0000  0.0000  0.0000

72   2 2
spin component  1
  0.0000  0.0000  0.0000  0.0000  0.0000
  0.0000  0.0000  0.0000  0.0000  0.0000
  0.0000  0.0000  0.0000  0.0000  0.0000
  0.0000  0.0000  0.0000  0.0000  0.0000
  0.0000  0.0000  0.0000  0.0000  0.0000
spin component  2
  0.0000  0.0000  0.0000  0.0000  0.0000
  0.0000  0.0000  0.0000  0.0000  0.0000
  0.0000  0.0000  0.0000  0.0000  0.0000
  0.0000  0.0000  0.0000  0.0000  0.0000
  0.0000  0.0000  0.0000  0.0000  0.0000

73   2 2
spin component  1
  0.0000  0.0000  0.0000  0.0000  0.0000
  0.0000  0.0000  0.0000  0.0000  0.0000
  0.0000  0.0000  0.0000  0.0000  0.0000
  0.0000  0.0000  0.0000  0.0000  0.0000
  0.0000  0.0000  0.0000  0.0000  0.0000
spin component  2
  0.0000  0.0000  0.0000  0.0000  0.0000
  0.0000  0.0000  0.0000  0.0000  0.0000
  0.0000  0.0000  0.0000  0.0000  0.0000
  0.0000  0.0000  0.0000  0.0000  0.0000
  0.0000  0.0000  0.0000  0.0000  0.0000

74   2 2
spin component  1
  0.0000  0.0000  0.0000  0.0000  0.0000
  0.0000  0.0000  0.0000  0.0000  0.0000
  0.0000  0.0000  0.0000  0.0000  0.0000
  0.0000  0.0000  0.0000  0.0000  0.0000
  0.0000  0.0000  0.0000  0.0000  0.0000
spin component  2
  0.0000  0.0000  0.0000  0.0000  0.0000
  0.0000  0.0000  0.0000  0.0000  0.0000
  0.0000  0.0000  0.0000  0.0000  0.0000
  0.0000  0.0000  0.0000  0.0000  0.0000
  0.0000  0.0000  0.0000  0.0000  0.0000

75   2 2
spin component  1
  0.0000  0.0000  0.0000  0.0000  0.0000
  0.0000  0.0000  0.0000  0.0000  0.0000
  0.0000  0.0000  0.0000  0.0000  0.0000
  0.0000  0.0000  0.0000  0.0000  0.0000
  0.0000  0.0000  0.0000  0.0000  0.0000
spin component  2
  0.0000  0.0000  0.0000  0.0000  0.0000
  0.0000  0.0000  0.0000  0.0000  0.0000
  0.0000  0.0000  0.0000  0.0000  0.0000
  0.0000  0.0000  0.0000  0.0000  0.0000
  0.0000  0.0000  0.0000  0.0000  0.0000

76   2 2
spin component  1
  0.0000  0.0000  0.0000  0.0000  0.0000
  0.0000  0.0000  0.0000  0.0000  0.0000
  0.0000  0.0000  0.0000  0.0000  0.0000
  0.0000  0.0000  0.0000  0.0000  0.0000
  0.0000  0.0000  0.0000  0.0000  0.0000
spin component  2
  0.0000  0.0000  0.0000  0.0000  0.0000
  0.0000  0.0000  0.0000  0.0000  0.0000
  0.0000  0.0000  0.0000  0.0000  0.0000
  0.0000  0.0000  0.0000  0.0000  0.0000
  0.0000  0.0000  0.0000  0.0000  0.0000

77   2 2
spin component  1
  0.0000  0.0000  0.0000  0.0000  0.0000
  0.0000  0.0000  0.0000  0.0000  0.0000
  0.0000  0.0000  0.0000  0.0000  0.0000
  0.0000  0.0000  0.0000  0.0000  0.0000
  0.0000  0.0000  0.0000  0.0000  0.0000
spin component  2
  0.0000  0.0000  0.0000  0.0000  0.0000
  0.0000  0.0000  0.0000  0.0000  0.0000
  0.0000  0.0000  0.0000  0.0000  0.0000
  0.0000  0.0000  0.0000  0.0000  0.0000
  0.0000  0.0000  0.0000  0.0000  0.0000

78   2 2
spin component  1
  0.0000  0.0000  0.0000  0.0000  0.0000
  0.0000  0.0000  0.0000  0.0000  0.0000
  0.0000  0.0000  0.0000  0.0000  0.0000
  0.0000  0.0000  0.0000  0.0000  0.0000
  0.0000  0.0000  0.0000  0.0000  0.0000
spin component  2
  0.0000  0.0000  0.0000  0.0000  0.0000
  0.0000  0.0000  0.0000  0.0000  0.0000
  0.0000  0.0000  0.0000  0.0000  0.0000
  0.0000  0.0000  0.0000  0.0000  0.0000
  0.0000  0.0000  0.0000  0.0000  0.0000

79   2 2
spin component  1
  0.0000  0.0000  0.0000  0.0000  0.0000
  0.0000  0.0000  0.0000  0.0000  0.0000
  0.0000  0.0000  0.0000  0.0000  0.0000
  0.0000  0.0000  0.0000  0.0000  0.0000
  0.0000  0.0000  0.0000  0.0000  0.0000
spin component  2
  0.0000  0.0000  0.0000  0.0000  0.0000
  0.0000  0.0000  0.0000  0.0000  0.0000
  0.0000  0.0000  0.0000  0.0000  0.0000
  0.0000  0.0000  0.0000  0.0000  0.0000
  0.0000  0.0000  0.0000  0.0000  0.0000

80   2 2
spin component  1
  0.0000  0.0000  0.0000  0.0000  0.0000
  0.0000  0.0000  0.0000  0.0000  0.0000
  0.0000  0.0000  0.0000  0.0000  0.0000
  0.0000  0.0000  0.0000  0.0000  0.0000
  0.0000  0.0000  0.0000  0.0000  0.0000
spin component  2
  0.0000  0.0000  0.0000  0.0000  0.0000
  0.0000  0.0000  0.0000  0.0000  0.0000
  0.0000  0.0000  0.0000  0.0000  0.0000
  0.0000  0.0000  0.0000  0.0000  0.0000
  0.0000  0.0000  0.0000  0.0000  0.0000

81   2 2
spin component  1
  0.0000  0.0000  0.0000  0.0000  0.0000
  0.0000  0.0000  0.0000  0.0000  0.0000
  0.0000  0.0000  0.0000  0.0000  0.0000
  0.0000  0.0000  0.0000  0.0000  0.0000
  0.0000  0.0000  0.0000  0.0000  0.0000
spin component  2
  0.0000  0.0000  0.0000  0.0000  0.0000
  0.0000  0.0000  0.0000  0.0000  0.0000
  0.0000  0.0000  0.0000  0.0000  0.0000
  0.0000  0.0000  0.0000  0.0000  0.0000
  0.0000  0.0000  0.0000  0.0000  0.0000

82   2 2
spin component  1
  0.0000  0.0000  0.0000  0.0000  0.0000
  0.0000  0.0000  0.0000  0.0000  0.0000
  0.0000  0.0000  0.0000  0.0000  0.0000
  0.0000  0.0000  0.0000  0.0000  0.0000
  0.0000  0.0000  0.0000  0.0000  0.0000
spin component  2
  0.0000  0.0000  0.0000  0.0000  0.0000
  0.0000  0.0000  0.0000  0.0000  0.0000
  0.0000  0.0000  0.0000  0.0000  0.0000
  0.0000  0.0000  0.0000  0.0000  0.0000
  0.0000  0.0000  0.0000  0.0000  0.0000

83   2 2
spin component  1
  0.0000  0.0000  0.0000  0.0000  0.0000
  0.0000  0.0000  0.0000  0.0000  0.0000
  0.0000  0.0000  0.0000  0.0000  0.0000
  0.0000  0.0000  0.0000  0.0000  0.0000
  0.0000  0.0000  0.0000  0.0000  0.0000
spin component  2
  0.0000  0.0000  0.0000  0.0000  0.0000
  0.0000  0.0000  0.0000  0.0000  0.0000
  0.0000  0.0000  0.0000  0.0000  0.0000
  0.0000  0.0000  0.0000  0.0000  0.0000
  0.0000  0.0000  0.0000  0.0000  0.0000

84   2 2
spin component  1
  0.0000  0.0000  0.0000  0.0000  0.0000
  0.0000  0.0000  0.0000  0.0000  0.0000
  0.0000  0.0000  0.0000  0.0000  0.0000
  0.0000  0.0000  0.0000  0.0000  0.0000
  0.0000  0.0000  0.0000  0.0000  0.0000
spin component  2
  0.0000  0.0000  0.0000  0.0000  0.0000
  0.0000  0.0000  0.0000  0.0000  0.0000
  0.0000  0.0000  0.0000  0.0000  0.0000
  0.0000  0.0000  0.0000  0.0000  0.0000
  0.0000  0.0000  0.0000  0.0000  0.0000

85   2 2
spin component  1
  0.0000  0.0000  0.0000  0.0000  0.0000
  0.0000  0.0000  0.0000  0.0000  0.0000
  0.0000  0.0000  0.0000  0.0000  0.0000
  0.0000  0.0000  0.0000  0.0000  0.0000
  0.0000  0.0000  0.0000  0.0000  0.0000
spin component  2
  0.0000  0.0000  0.0000  0.0000  0.0000
  0.0000  0.0000  0.0000  0.0000  0.0000
  0.0000  0.0000  0.0000  0.0000  0.0000
  0.0000  0.0000  0.0000  0.0000  0.0000
  0.0000  0.0000  0.0000  0.0000  0.0000

86   2 2
spin component  1
  0.0000  0.0000  0.0000  0.0000  0.0000
  0.0000  0.0000  0.0000  0.0000  0.0000
  0.0000  0.0000  0.0000  0.0000  0.0000
  0.0000  0.0000  0.0000  0.0000  0.0000
  0.0000  0.0000  0.0000  0.0000  0.0000
spin component  2
  0.0000  0.0000  0.0000  0.0000  0.0000
  0.0000  0.0000  0.0000  0.0000  0.0000
  0.0000  0.0000  0.0000  0.0000  0.0000
  0.0000  0.0000  0.0000  0.0000  0.0000
  0.0000  0.0000  0.0000  0.0000  0.0000

87   2 2
spin component  1
  0.0000  0.0000  0.0000  0.0000  0.0000
  0.0000  0.0000  0.0000  0.0000  0.0000
  0.0000  0.0000  0.0000  0.0000  0.0000
  0.0000  0.0000  0.0000  0.0000  0.0000
  0.0000  0.0000  0.0000  0.0000  0.0000
spin component  2
  0.0000  0.0000  0.0000  0.0000  0.0000
  0.0000  0.0000  0.0000  0.0000  0.0000
  0.0000  0.0000  0.0000  0.0000  0.0000
  0.0000  0.0000  0.0000  0.0000  0.0000
  0.0000  0.0000  0.0000  0.0000  0.0000

88   2 2
spin component  1
  0.0000  0.0000  0.0000  0.0000  0.0000
  0.0000  0.0000  0.0000  0.0000  0.0000
  0.0000  0.0000  0.0000  0.0000  0.0000
  0.0000  0.0000  0.0000  0.0000  0.0000
  0.0000  0.0000  0.0000  0.0000  0.0000
spin component  2
  0.0000  0.0000  0.0000  0.0000  0.0000
  0.0000  0.0000  0.0000  0.0000  0.0000
  0.0000  0.0000  0.0000  0.0000  0.0000
  0.0000  0.0000  0.0000  0.0000  0.0000
  0.0000  0.0000  0.0000  0.0000  0.0000

89   2 2
spin component  1
  0.0000  0.0000  0.0000  0.0000  0.0000
  0.0000  0.0000  0.0000  0.0000  0.0000
  0.0000  0.0000  0.0000  0.0000  0.0000
  0.0000  0.0000  0.0000  0.0000  0.0000
  0.0000  0.0000  0.0000  0.0000  0.0000
spin component  2
  0.0000  0.0000  0.0000  0.0000  0.0000
  0.0000  0.0000  0.0000  0.0000  0.0000
  0.0000  0.0000  0.0000  0.0000  0.0000
  0.0000  0.0000  0.0000  0.0000  0.0000
  0.0000  0.0000  0.0000  0.0000  0.0000

90   2 2
spin component  1
  0.0000  0.0000  0.0000  0.0000  0.0000
  0.0000  0.0000  0.0000  0.0000  0.0000
  0.0000  0.0000  0.0000  0.0000  0.0000
  0.0000  0.0000  0.0000  0.0000  0.0000
  0.0000  0.0000  0.0000  0.0000  0.0000
spin component  2
  0.0000  0.0000  0.0000  0.0000  0.0000
  0.0000  0.0000  0.0000  0.0000  0.0000
  0.0000  0.0000  0.0000  0.0000  0.0000
  0.0000  0.0000  0.0000  0.0000  0.0000
  0.0000  0.0000  0.0000  0.0000  0.0000

91   2 2
spin component  1
  0.0000  0.0000  0.0000  0.0000  0.0000
  0.0000  0.0000  0.0000  0.0000  0.0000
  0.0000  0.0000  0.0000  0.0000  0.0000
  0.0000  0.0000  0.0000  0.0000  0.0000
  0.0000  0.0000  0.0000  0.0000  0.0000
spin component  2
  0.0000  0.0000  0.0000  0.0000  0.0000
  0.0000  0.0000  0.0000  0.0000  0.0000
  0.0000  0.0000  0.0000  0.0000  0.0000
  0.0000  0.0000  0.0000  0.0000  0.0000
  0.0000  0.0000  0.0000  0.0000  0.0000

92   2 2
spin component  1
  0.0000  0.0000  0.0000  0.0000  0.0000
  0.0000  0.0000  0.0000  0.0000  0.0000
  0.0000  0.0000  0.0000  0.0000  0.0000
  0.0000  0.0000  0.0000  0.0000  0.0000
  0.0000  0.0000  0.0000  0.0000  0.0000
spin component  2
  0.0000  0.0000  0.0000  0.0000  0.0000
  0.0000  0.0000  0.0000  0.0000  0.0000
  0.0000  0.0000  0.0000  0.0000  0.0000
  0.0000  0.0000  0.0000  0.0000  0.0000
  0.0000  0.0000  0.0000  0.0000  0.0000

93   2 2
spin component  1
  0.0000  0.0000  0.0000  0.0000  0.0000
  0.0000  0.0000  0.0000  0.0000  0.0000
  0.0000  0.0000  0.0000  0.0000  0.0000
  0.0000  0.0000  0.0000  0.0000  0.0000
  0.0000  0.0000  0.0000  0.0000  0.0000
spin component  2
  0.0000  0.0000  0.0000  0.0000  0.0000
  0.0000  0.0000  0.0000  0.0000  0.0000
  0.0000  0.0000  0.0000  0.0000  0.0000
  0.0000  0.0000  0.0000  0.0000  0.0000
  0.0000  0.0000  0.0000  0.0000  0.0000

94   2 2
spin component  1
  0.0000  0.0000  0.0000  0.0000  0.0000
  0.0000  0.0000  0.0000  0.0000  0.0000
  0.0000  0.0000  0.0000  0.0000  0.0000
  0.0000  0.0000  0.0000  0.0000  0.0000
  0.0000  0.0000  0.0000  0.0000  0.0000
spin component  2
  0.0000  0.0000  0.0000  0.0000  0.0000
  0.0000  0.0000  0.0000  0.0000  0.0000
  0.0000  0.0000  0.0000  0.0000  0.0000
  0.0000  0.0000  0.0000  0.0000  0.0000
  0.0000  0.0000  0.0000  0.0000  0.0000

95   2 2
spin component  1
  0.0000  0.0000  0.0000  0.0000  0.0000
  0.0000  0.0000  0.0000  0.0000  0.0000
  0.0000  0.0000  0.0000  0.0000  0.0000
  0.0000  0.0000  0.0000  0.0000  0.0000
  0.0000  0.0000  0.0000  0.0000  0.0000
spin component  2
  0.0000  0.0000  0.0000  0.0000  0.0000
  0.0000  0.0000  0.0000  0.0000  0.0000
  0.0000  0.0000  0.0000  0.0000  0.0000
  0.0000  0.0000  0.0000  0.0000  0.0000
  0.0000  0.0000  0.0000  0.0000  0.0000

96   2 2
spin component  1
  0.0000  0.0000  0.0000  0.0000  0.0000
  0.0000  0.0000  0.0000  0.0000  0.0000
  0.0000  0.0000  0.0000  0.0000  0.0000
  0.0000  0.0000  0.0000  0.0000  0.0000
  0.0000  0.0000  0.0000  0.0000  0.0000
spin component  2
  0.0000  0.0000  0.0000  0.0000  0.0000
  0.0000  0.0000  0.0000  0.0000  0.0000
  0.0000  0.0000  0.0000  0.0000  0.0000
  0.0000  0.0000  0.0000  0.0000  0.0000
  0.0000  0.0000  0.0000  0.0000  0.0000

97   2 2
spin component  1
  0.0000  0.0000  0.0000  0.0000  0.0000
  0.0000  0.0000  0.0000  0.0000  0.0000
  0.0000  0.0000  0.0000  0.0000  0.0000
  0.0000  0.0000  0.0000  0.0000  0.0000
  0.0000  0.0000  0.0000  0.0000  0.0000
spin component  2
  0.0000  0.0000  0.0000  0.0000  0.0000
  0.0000  0.0000  0.0000  0.0000  0.0000
  0.0000  0.0000  0.0000  0.0000  0.0000
  0.0000  0.0000  0.0000  0.0000  0.0000
  0.0000  0.0000  0.0000  0.0000  0.0000

98   2 2
spin component  1
  0.0000  0.0000  0.0000  0.0000  0.0000
  0.0000  0.0000  0.0000  0.0000  0.0000
  0.0000  0.0000  0.0000  0.0000  0.0000
  0.0000  0.0000  0.0000  0.0000  0.0000
  0.0000  0.0000  0.0000  0.0000  0.0000
spin component  2
  0.0000  0.0000  0.0000  0.0000  0.0000
  0.0000  0.0000  0.0000  0.0000  0.0000
  0.0000  0.0000  0.0000  0.0000  0.0000
  0.0000  0.0000  0.0000  0.0000  0.0000
  0.0000  0.0000  0.0000  0.0000  0.0000

99   2 2
spin component  1
  0.0000  0.0000  0.0000  0.0000  0.0000
  0.0000  0.0000  0.0000  0.0000  0.0000
  0.0000  0.0000  0.0000  0.0000  0.0000
  0.0000  0.0000  0.0000  0.0000  0.0000
  0.0000  0.0000  0.0000  0.0000  0.0000
spin component  2
  0.0000  0.0000  0.0000  0.0000  0.0000
  0.0000  0.0000  0.0000  0.0000  0.0000
  0.0000  0.0000  0.0000  0.0000  0.0000
  0.0000  0.0000  0.0000  0.0000  0.0000
  0.0000  0.0000  0.0000  0.0000  0.0000

100   2 2
spin component  1
  0.0000  0.0000  0.0000  0.0000  0.0000
  0.0000  0.0000  0.0000  0.0000  0.0000
  0.0000  0.0000  0.0000  0.0000  0.0000
  0.0000  0.0000  0.0000  0.0000  0.0000
  0.0000  0.0000  0.0000  0.0000  0.0000
spin component  2
  0.0000  0.0000  0.0000  0.0000  0.0000
  0.0000  0.0000  0.0000  0.0000  0.0000
  0.0000  0.0000  0.0000  0.0000  0.0000
  0.0000  0.0000  0.0000  0.0000  0.0000
  0.0000  0.0000  0.0000  0.0000  0.0000

101   2 2
spin component  1
  0.0000  0.0000  0.0000  0.0000  0.0000
  0.0000  0.0000  0.0000  0.0000  0.0000
  0.0000  0.0000  0.0000  0.0000  0.0000
  0.0000  0.0000  0.0000  0.0000  0.0000
  0.0000  0.0000  0.0000  0.0000  0.0000
spin component  2
  0.0000  0.0000  0.0000  0.0000  0.0000
  0.0000  0.0000  0.0000  0.0000  0.0000
  0.0000  0.0000  0.0000  0.0000  0.0000
  0.0000  0.0000  0.0000  0.0000  0.0000
  0.0000  0.0000  0.0000  0.0000  0.0000

102   2 2
spin component  1
  0.0000  0.0000  0.0000  0.0000  0.0000
  0.0000  0.0000  0.0000  0.0000  0.0000
  0.0000  0.0000  0.0000  0.0000  0.0000
  0.0000  0.0000  0.0000  0.0000  0.0000
  0.0000  0.0000  0.0000  0.0000  0.0000
spin component  2
  0.0000  0.0000  0.0000  0.0000  0.0000
  0.0000  0.0000  0.0000  0.0000  0.0000
  0.0000  0.0000  0.0000  0.0000  0.0000
  0.0000  0.0000  0.0000  0.0000  0.0000
  0.0000  0.0000  0.0000  0.0000  0.0000

103   2 2
spin component  1
  0.0000  0.0000  0.0000  0.0000  0.0000
  0.0000  0.0000  0.0000  0.0000  0.0000
  0.0000  0.0000  0.0000  0.0000  0.0000
  0.0000  0.0000  0.0000  0.0000  0.0000
  0.0000  0.0000  0.0000  0.0000  0.0000
spin component  2
  0.0000  0.0000  0.0000  0.0000  0.0000
  0.0000  0.0000  0.0000  0.0000  0.0000
  0.0000  0.0000  0.0000  0.0000  0.0000
  0.0000  0.0000  0.0000  0.0000  0.0000
  0.0000  0.0000  0.0000  0.0000  0.0000

104   2 2
spin component  1
  0.0000  0.0000  0.0000  0.0000  0.0000
  0.0000  0.0000  0.0000  0.0000  0.0000
  0.0000  0.0000  0.0000  0.0000  0.0000
  0.0000  0.0000  0.0000  0.0000  0.0000
  0.0000  0.0000  0.0000  0.0000  0.0000
spin component  2
  0.0000  0.0000  0.0000  0.0000  0.0000
  0.0000  0.0000  0.0000  0.0000  0.0000
  0.0000  0.0000  0.0000  0.0000  0.0000
  0.0000  0.0000  0.0000  0.0000  0.0000
  0.0000  0.0000  0.0000  0.0000  0.0000

105   2 2
spin component  1
  0.0000  0.0000  0.0000  0.0000  0.0000
  0.0000  0.0000  0.0000  0.0000  0.0000
  0.0000  0.0000  0.0000  0.0000  0.0000
  0.0000  0.0000  0.0000  0.0000  0.0000
  0.0000  0.0000  0.0000  0.0000  0.0000
spin component  2
  0.0000  0.0000  0.0000  0.0000  0.0000
  0.0000  0.0000  0.0000  0.0000  0.0000
  0.0000  0.0000  0.0000  0.0000  0.0000
  0.0000  0.0000  0.0000  0.0000  0.0000
  0.0000  0.0000  0.0000  0.0000  0.0000

106   2 2
spin component  1
  0.0000  0.0000  0.0000  0.0000  0.0000
  0.0000  0.0000  0.0000  0.0000  0.0000
  0.0000  0.0000  0.0000  0.0000  0.0000
  0.0000  0.0000  0.0000  0.0000  0.0000
  0.0000  0.0000  0.0000  0.0000  0.0000
spin component  2
  0.0000  0.0000  0.0000  0.0000  0.0000
  0.0000  0.0000  0.0000  0.0000  0.0000
  0.0000  0.0000  0.0000  0.0000  0.0000
  0.0000  0.0000  0.0000  0.0000  0.0000
  0.0000  0.0000  0.0000  0.0000  0.0000

107   2 2
spin component  1
  0.0000  0.0000  0.0000  0.0000  0.0000
  0.0000  0.0000  0.0000  0.0000  0.0000
  0.0000  0.0000  0.0000  0.0000  0.0000
  0.0000  0.0000  0.0000  0.0000  0.0000
  0.0000  0.0000  0.0000  0.0000  0.0000
spin component  2
  0.0000  0.0000  0.0000  0.0000  0.0000
  0.0000  0.0000  0.0000  0.0000  0.0000
  0.0000  0.0000  0.0000  0.0000  0.0000
  0.0000  0.0000  0.0000  0.0000  0.0000
  0.0000  0.0000  0.0000  0.0000  0.0000

108   2 2
spin component  1
  0.0000  0.0000  0.0000  0.0000  0.0000
  0.0000  0.0000  0.0000  0.0000  0.0000
  0.0000  0.0000  0.0000  0.0000  0.0000
  0.0000  0.0000  0.0000  0.0000  0.0000
  0.0000  0.0000  0.0000  0.0000  0.0000
spin component  2
  0.0000  0.0000  0.0000  0.0000  0.0000
  0.0000  0.0000  0.0000  0.0000  0.0000
  0.0000  0.0000  0.0000  0.0000  0.0000
  0.0000  0.0000  0.0000  0.0000  0.0000
  0.0000  0.0000  0.0000  0.0000  0.0000
