
1   2 2
spin component  1
  0.1132  0.0004  0.0001  0.0003  0.0001
  0.0004  0.1090 -0.0002  0.0009 -0.0005
  0.0001 -0.0002  0.2242 -0.0000 -0.0009
  0.0003  0.0009 -0.0000  0.1098  0.0002
  0.0001 -0.0005 -0.0009  0.0002  0.2317
spin component  2
  0.1115 -0.0003 -0.0001 -0.0011 -0.0002
 -0.0003  0.1060  0.0000 -0.0009 -0.0005
 -0.0001  0.0000  0.2249 -0.0000 -0.0009
 -0.0011 -0.0009 -0.0000  0.1081 -0.0003
 -0.0002 -0.0005 -0.0009 -0.0003  0.2314

2   2 2
spin component  1
  0.1131 -0.0008 -0.0004 -0.0008 -0.0001
 -0.0008  0.1087 -0.0005  0.0001 -0.0002
 -0.0004 -0.0005  0.2243 -0.0003 -0.0000
 -0.0008  0.0001 -0.0003  0.1090  0.0000
 -0.0001 -0.0002 -0.0000  0.0000  0.2302
spin component  2
  0.1112 -0.0004 -0.0002 -0.0005 -0.0002
 -0.0004  0.1077 -0.0003  0.0000 -0.0001
 -0.0002 -0.0003  0.2249 -0.0002 -0.0001
 -0.0005  0.0000 -0.0002  0.1070  0.0002
 -0.0002 -0.0001 -0.0001  0.0002  0.2306

3   2 2
spin component  1
  0.1133  0.0007  0.0004  0.0002  0.0005
  0.0007  0.1081 -0.0005  0.0005 -0.0000
  0.0004 -0.0005  0.2244  0.0003 -0.0001
  0.0002  0.0005  0.0003  0.1073 -0.0002
  0.0005 -0.0000 -0.0001 -0.0002  0.2302
spin component  2
  0.1112  0.0005  0.0001 -0.0015 -0.0001
  0.0005  0.1082 -0.0001 -0.0005 -0.0002
  0.0001 -0.0001  0.2247  0.0002 -0.0001
 -0.0015 -0.0005  0.0002  0.1085 -0.0001
 -0.0001 -0.0002 -0.0001 -0.0001  0.2304

4   2 2
spin component  1
  0.1138 -0.0003  0.0000  0.0004  0.0001
 -0.0003  0.1081 -0.0002  0.0005  0.0001
  0.0000 -0.0002  0.2236  0.0001  0.0003
  0.0004  0.0005  0.0001  0.1081  0.0000
  0.0001  0.0001  0.0003  0.0000  0.2320
spin component  2
  0.1114  0.0003 -0.0000 -0.0004 -0.0002
  0.0003  0.1085  0.0002 -0.0005 -0.0001
 -0.0000  0.0002  0.2241 -0.0001  0.0001
 -0.0004 -0.0005 -0.0001  0.1075 -0.0000
 -0.0002 -0.0001  0.0001 -0.0000  0.2320

5   2 2
spin component  1
  0.1136 -0.0011  0.0001 -0.0003 -0.0001
 -0.0011  0.1091 -0.0001 -0.0000 -0.0001
  0.0001 -0.0001  0.2231  0.0003  0.0009
 -0.0003 -0.0000  0.0003  0.1078  0.0000
 -0.0001 -0.0001  0.0009  0.0000  0.2312
spin component  2
  0.1114  0.0005 -0.0002  0.0003 -0.0000
  0.0005  0.1086  0.0001 -0.0000  0.0001
 -0.0002  0.0001  0.2239  0.0001  0.0009
  0.0003 -0.0000  0.0001  0.1071  0.0003
 -0.0000  0.0001  0.0009  0.0003  0.2314

6   2 2
spin component  1
  0.1116  0.0004  0.0002  0.0002  0.0000
  0.0004  0.1084  0.0000  0.0001 -0.0001
  0.0002  0.0000  0.2233 -0.0003  0.0008
  0.0002  0.0001 -0.0003  0.1082 -0.0003
  0.0000 -0.0001  0.0008 -0.0003  0.2312
spin component  2
  0.1131  0.0003 -0.0003 -0.0003 -0.0001
  0.0003  0.1094 -0.0000 -0.0002  0.0001
 -0.0003 -0.0000  0.2238 -0.0001  0.0010
 -0.0003 -0.0002 -0.0001  0.1067 -0.0001
 -0.0001  0.0001  0.0010 -0.0001  0.2315

7   2 2
spin component  1
  0.1136 -0.0000  0.0001  0.0009 -0.0001
 -0.0000  0.1073  0.0001 -0.0002  0.0005
  0.0001  0.0001  0.2242  0.0001 -0.0008
  0.0009 -0.0002  0.0001  0.1099 -0.0002
 -0.0001  0.0005 -0.0008 -0.0002  0.2313
spin component  2
  0.1112  0.0002  0.0000 -0.0003  0.0001
  0.0002  0.1074  0.0000  0.0002  0.0005
  0.0000  0.0000  0.2246 -0.0001 -0.0010
 -0.0003  0.0002 -0.0001  0.1080  0.0002
  0.0001  0.0005 -0.0010  0.0002  0.2314

8   2 2
spin component  1
  0.1114 -0.0014  0.0002  0.0004  0.0000
 -0.0014  0.1082  0.0006 -0.0006  0.0000
  0.0002  0.0006  0.2242 -0.0000 -0.0001
  0.0004 -0.0006 -0.0000  0.1083  0.0001
  0.0000  0.0000 -0.0001  0.0001  0.2303
spin component  2
  0.1126  0.0001  0.0003  0.0010  0.0003
  0.0001  0.1080  0.0002  0.0005  0.0003
  0.0003  0.0002  0.2248 -0.0005 -0.0000
  0.0010  0.0005 -0.0005  0.1075  0.0001
  0.0003  0.0003 -0.0000  0.0001  0.2301

9   2 2
spin component  1
  0.1124  0.0003 -0.0001  0.0001 -0.0003
  0.0003  0.1085  0.0006  0.0001  0.0002
 -0.0001  0.0006  0.2245  0.0005 -0.0002
  0.0001  0.0001  0.0005  0.1083  0.0000
 -0.0003  0.0002 -0.0002  0.0000  0.2304
spin component  2
  0.1120  0.0007 -0.0004  0.0012 -0.0001
  0.0007  0.1078  0.0002  0.0000  0.0000
 -0.0004  0.0002  0.2248  0.0001  0.0000
  0.0012  0.0000  0.0001  0.1077 -0.0003
 -0.0001  0.0000  0.0000 -0.0003  0.2304

10   2 2
spin component  1
  0.1144 -0.0012 -0.0005  0.0003 -0.0006
 -0.0012  0.1095  0.0004  0.0005  0.0004
 -0.0005  0.0004  0.2235 -0.0001  0.0002
  0.0003  0.0005 -0.0001  0.1088  0.0001
 -0.0006  0.0004  0.0002  0.0001  0.2310
spin component  2
  0.1110  0.0002  0.0002 -0.0013 -0.0005
  0.0002  0.1071  0.0002 -0.0003  0.0004
  0.0002  0.0002  0.2238  0.0002 -0.0000
 -0.0013 -0.0003  0.0002  0.1074 -0.0000
 -0.0005  0.0004 -0.0000 -0.0000  0.2316

11   2 2
spin component  1
  0.1146  0.0006 -0.0003 -0.0005  0.0001
  0.0006  0.1118  0.0038 -0.0007  0.0044
 -0.0003  0.0038  0.2212  0.0002  0.0057
 -0.0005 -0.0007  0.0002  0.1091  0.0000
  0.0001  0.0044  0.0057  0.0000  0.2319
spin component  2
  0.1124 -0.0008  0.0003 -0.0024 -0.0001
 -0.0008  0.1096  0.0038  0.0007  0.0047
  0.0003  0.0038  0.2217 -0.0002  0.0061
 -0.0024  0.0007 -0.0002  0.1062  0.0000
 -0.0001  0.0047  0.0061  0.0000  0.2328

12   2 2
spin component  1
  0.1127  0.0007 -0.0000 -0.0009  0.0006
  0.0007  0.1091  0.0004  0.0005  0.0004
 -0.0000  0.0004  0.2235  0.0001  0.0001
 -0.0009  0.0005  0.0001  0.1086  0.0002
  0.0006  0.0004  0.0001  0.0002  0.2312
spin component  2
  0.1131  0.0005  0.0002 -0.0001  0.0006
  0.0005  0.1077  0.0002 -0.0006  0.0003
  0.0002  0.0002  0.2238 -0.0002  0.0001
 -0.0001 -0.0006 -0.0002  0.1078 -0.0002
  0.0006  0.0003  0.0001 -0.0002  0.2316

13   2 2
spin component  1
  0.1122 -0.0002  0.0003  0.0007  0.0004
 -0.0002  0.1084 -0.0007 -0.0000 -0.0003
  0.0003 -0.0007  0.2237  0.0001  0.0003
  0.0007 -0.0000  0.0001  0.1084  0.0000
  0.0004 -0.0003  0.0003  0.0000  0.2313
spin component  2
  0.1131 -0.0008 -0.0001  0.0004  0.0005
 -0.0008  0.1083  0.0001 -0.0001 -0.0005
 -0.0001  0.0001  0.2237  0.0001 -0.0000
  0.0004 -0.0001  0.0001  0.1078 -0.0000
  0.0005 -0.0005 -0.0000 -0.0000  0.2314

14   2 2
spin component  1
  0.1149 -0.0006 -0.0000  0.0016 -0.0000
 -0.0006  0.1113 -0.0037 -0.0005 -0.0042
 -0.0000 -0.0037  0.2213  0.0004  0.0058
  0.0016 -0.0005  0.0004  0.1081 -0.0001
 -0.0000 -0.0042  0.0058 -0.0001  0.2322
spin component  2
  0.1121  0.0007  0.0001  0.0014  0.0000
  0.0007  0.1104 -0.0038  0.0005 -0.0050
  0.0001 -0.0038  0.2220 -0.0003  0.0060
  0.0014  0.0005 -0.0003  0.1072  0.0001
  0.0000 -0.0050  0.0060  0.0001  0.2330

15   2 2
spin component  1
  0.1127  0.0014 -0.0002  0.0001 -0.0004
  0.0014  0.1083 -0.0003 -0.0002 -0.0004
 -0.0002 -0.0003  0.2238  0.0001  0.0002
  0.0001 -0.0002  0.0001  0.1089  0.0000
 -0.0004 -0.0004  0.0002  0.0000  0.2313
spin component  2
  0.1130 -0.0004 -0.0001  0.0009 -0.0007
 -0.0004  0.1083 -0.0003  0.0004 -0.0004
 -0.0001 -0.0003  0.2237 -0.0002  0.0001
  0.0009  0.0004 -0.0002  0.1074 -0.0001
 -0.0007 -0.0004  0.0001 -0.0001  0.2315

16   2 2
spin component  1
  0.1164 -0.0031 -0.0001 -0.0005 -0.0003
 -0.0031  0.1059 -0.0002  0.0003  0.0002
 -0.0001 -0.0002  0.2198  0.0068 -0.0120
 -0.0005  0.0003  0.0068  0.1184 -0.0093
 -0.0003  0.0002 -0.0120 -0.0093  0.2420
spin component  2
  0.1128 -0.0010  0.0001  0.0007  0.0003
 -0.0010  0.1038  0.0001 -0.0002 -0.0003
  0.0001  0.0001  0.2179  0.0049 -0.0078
  0.0007 -0.0002  0.0049  0.1159 -0.0067
  0.0003 -0.0003 -0.0078 -0.0067  0.2350

17   2 2
spin component  1
  0.0000  0.0000  0.0000  0.0000  0.0000
  0.0000  0.0000  0.0000  0.0000  0.0000
  0.0000  0.0000  0.0000  0.0000  0.0000
  0.0000  0.0000  0.0000  1.0000  0.0000
  0.0000  0.0000  0.0000  0.0000  0.0000
spin component  2
  0.0000  0.0000  0.0000  0.0000  0.0000
  0.0000  0.0000  0.0000  0.0000  0.0000
  0.0000  0.0000  0.0000  0.0000  0.0000
  0.0000  0.0000  0.0000  0.0000  0.0000
  0.0000  0.0000  0.0000  0.0000  0.0000

18   2 2
spin component  1
  0.1158  0.0011 -0.0000  0.0008  0.0001
  0.0011  0.1054  0.0003  0.0005 -0.0001
 -0.0000  0.0003  0.2199 -0.0070 -0.0120
  0.0008  0.0005 -0.0070  0.1180  0.0089
  0.0001 -0.0001 -0.0120  0.0089  0.2421
spin component  2
  0.1135  0.0029  0.0000 -0.0007 -0.0001
  0.0029  0.1043 -0.0003 -0.0005  0.0001
  0.0000 -0.0003  0.2178 -0.0047 -0.0078
 -0.0007 -0.0005 -0.0047  0.1162  0.0070
 -0.0001  0.0001 -0.0078  0.0070  0.2349

19   2 2
spin component  1
  0.1124 -0.0004 -0.0002  0.0003 -0.0002
 -0.0004  0.1095 -0.0003  0.0008 -0.0008
 -0.0002 -0.0003  0.2233  0.0002  0.0002
  0.0003  0.0008  0.0002  0.1080  0.0001
 -0.0002 -0.0008  0.0002  0.0001  0.2309
spin component  2
  0.1127  0.0004  0.0002  0.0002  0.0001
  0.0004  0.1082 -0.0004 -0.0008 -0.0008
  0.0002 -0.0004  0.2232 -0.0002  0.0002
  0.0002 -0.0008 -0.0002  0.1080 -0.0001
  0.0001 -0.0008  0.0002 -0.0001  0.2309

20   2 2
spin component  1
  0.1133  0.0015 -0.0002 -0.0002 -0.0011
  0.0015  0.1092 -0.0006 -0.0005 -0.0011
 -0.0002 -0.0006  0.2231 -0.0005  0.0004
 -0.0002 -0.0005 -0.0005  0.1085  0.0008
 -0.0011 -0.0011  0.0004  0.0008  0.2306
spin component  2
  0.1113 -0.0005  0.0000  0.0007 -0.0006
 -0.0005  0.1081 -0.0005  0.0006 -0.0010
  0.0000 -0.0005  0.2236 -0.0004  0.0003
  0.0007  0.0006 -0.0004  0.1074  0.0005
 -0.0006 -0.0010  0.0003  0.0005  0.2308

21   2 2
spin component  1
  0.1120 -0.0009  0.0000  0.0008  0.0007
 -0.0009  0.1088 -0.0007 -0.0000 -0.0010
  0.0000 -0.0007  0.2232  0.0004  0.0004
  0.0008 -0.0000  0.0004  0.1074 -0.0007
  0.0007 -0.0010  0.0004 -0.0007  0.2306
spin component  2
  0.1123 -0.0001  0.0001 -0.0003  0.0010
 -0.0001  0.1084 -0.0005 -0.0001 -0.0010
  0.0001 -0.0005  0.2235  0.0004  0.0003
 -0.0003 -0.0001  0.0004  0.1082 -0.0006
  0.0010 -0.0010  0.0003 -0.0006  0.2306

22   2 2
spin component  1
  0.1126  0.0006  0.0001 -0.0002 -0.0003
  0.0006  0.1087  0.0004  0.0000  0.0009
  0.0001  0.0004  0.2231  0.0003  0.0003
 -0.0002  0.0000  0.0003  0.1078  0.0001
 -0.0003  0.0009  0.0003  0.0001  0.2308
spin component  2
  0.1120 -0.0005 -0.0001 -0.0004  0.0002
 -0.0005  0.1089  0.0005  0.0001  0.0006
 -0.0001  0.0005  0.2232 -0.0002  0.0002
 -0.0004  0.0001 -0.0002  0.1080 -0.0001
  0.0002  0.0006  0.0002 -0.0001  0.2307

23   2 2
spin component  1
  0.1143  0.0003  0.0003  0.0003  0.0009
  0.0003  0.1093  0.0006 -0.0004  0.0010
  0.0003  0.0006  0.2233 -0.0004  0.0004
  0.0003 -0.0004 -0.0004  0.1078  0.0007
  0.0009  0.0010  0.0004  0.0007  0.2309
spin component  2
  0.1101  0.0006 -0.0001 -0.0007  0.0009
  0.0006  0.1082  0.0005  0.0003  0.0010
 -0.0001  0.0005  0.2238 -0.0004  0.0003
 -0.0007  0.0003 -0.0004  0.1080  0.0006
  0.0009  0.0010  0.0003  0.0006  0.2308

24   2 2
spin component  1
  0.1117  0.0002 -0.0000  0.0003 -0.0008
  0.0002  0.1096  0.0004 -0.0001  0.0009
 -0.0000  0.0004  0.2233  0.0006  0.0003
  0.0003 -0.0001  0.0006  0.1073 -0.0006
 -0.0008  0.0009  0.0003 -0.0006  0.2309
spin component  2
  0.1130 -0.0013 -0.0001 -0.0007 -0.0009
 -0.0013  0.1077  0.0008  0.0003  0.0012
 -0.0001  0.0008  0.2237  0.0003  0.0004
 -0.0007  0.0003  0.0003  0.1086 -0.0007
 -0.0009  0.0012  0.0004 -0.0007  0.2308

25   2 2
spin component  1
  0.1157 -0.0004  0.0003  0.0003  0.0001
 -0.0004  0.1058  0.0001 -0.0004 -0.0001
  0.0003  0.0001  0.2239 -0.0001 -0.0056
  0.0003 -0.0004 -0.0001  0.1107  0.0002
  0.0001 -0.0001 -0.0056  0.0002  0.2355
spin component  2
  0.1131  0.0004 -0.0002 -0.0003 -0.0001
  0.0004  0.1053  0.0001  0.0006  0.0001
 -0.0002  0.0001  0.2239  0.0001 -0.0058
 -0.0003  0.0006  0.0001  0.1114 -0.0002
 -0.0001  0.0001 -0.0058 -0.0002  0.2357

26   2 2
spin component  1
  0.1132  0.0006 -0.0002 -0.0005  0.0000
  0.0006  0.1110 -0.0000 -0.0005  0.0001
 -0.0002 -0.0000  0.2285 -0.0028 -0.0034
 -0.0005 -0.0005 -0.0028  0.1080  0.0003
  0.0000  0.0001 -0.0034  0.0003  0.2324
spin component  2
  0.1107  0.0020  0.0001  0.0004  0.0000
  0.0020  0.1097 -0.0000  0.0005 -0.0001
  0.0001 -0.0000  0.2281 -0.0023 -0.0045
  0.0004  0.0005 -0.0023  0.1034  0.0008
  0.0000 -0.0001 -0.0045  0.0008  0.2303

27   2 2
spin component  1
  0.1127 -0.0014  0.0001  0.0013 -0.0001
 -0.0014  0.1116  0.0001  0.0002  0.0000
  0.0001  0.0001  0.2285  0.0029 -0.0034
  0.0013  0.0002  0.0029  0.1082  0.0001
 -0.0001  0.0000 -0.0034  0.0001  0.2321
spin component  2
  0.1112 -0.0010 -0.0001 -0.0011  0.0002
 -0.0010  0.1089 -0.0000 -0.0002 -0.0000
 -0.0001 -0.0000  0.2279  0.0022 -0.0046
 -0.0011 -0.0002  0.0022  0.1032 -0.0010
  0.0002 -0.0000 -0.0046 -0.0010  0.2303

28   2 2
spin component  1
  0.1137  0.0008 -0.0002  0.0004  0.0008
  0.0008  0.1075 -0.0005  0.0005 -0.0004
 -0.0002 -0.0005  0.2238 -0.0001 -0.0005
  0.0004  0.0005 -0.0001  0.1100  0.0012
  0.0008 -0.0004 -0.0005  0.0012  0.2310
spin component  2
  0.1112 -0.0002 -0.0001  0.0009  0.0005
 -0.0002  0.1081 -0.0002 -0.0003 -0.0006
 -0.0001 -0.0002  0.2241 -0.0001 -0.0006
  0.0009 -0.0003 -0.0001  0.1080  0.0010
  0.0005 -0.0006 -0.0006  0.0010  0.2309

29   2 2
spin component  1
  0.1145  0.0001 -0.0002  0.0033 -0.0001
  0.0001  0.1081 -0.0018  0.0001 -0.0012
 -0.0002 -0.0018  0.2259 -0.0001  0.0049
  0.0033  0.0001 -0.0001  0.1115  0.0003
 -0.0001 -0.0012  0.0049  0.0003  0.2314
spin component  2
  0.1159  0.0000  0.0002  0.0027  0.0001
  0.0000  0.1063 -0.0019 -0.0001 -0.0007
  0.0002 -0.0019  0.2256  0.0002  0.0051
  0.0027 -0.0001  0.0002  0.1044 -0.0003
  0.0001 -0.0007  0.0051 -0.0003  0.2317

30   2 2
spin component  1
  0.1131 -0.0003  0.0005  0.0005 -0.0008
 -0.0003  0.1073 -0.0004 -0.0003 -0.0006
  0.0005 -0.0004  0.2236  0.0001 -0.0006
  0.0005 -0.0003  0.0001  0.1095 -0.0012
 -0.0008 -0.0006 -0.0006 -0.0012  0.2307
spin component  2
  0.1113 -0.0001 -0.0001  0.0006 -0.0005
 -0.0001  0.1079 -0.0004  0.0001 -0.0004
 -0.0001 -0.0004  0.2240  0.0001 -0.0005
  0.0006  0.0001  0.0001  0.1085 -0.0009
 -0.0005 -0.0004 -0.0005 -0.0009  0.2307

31   2 2
spin component  1
  0.1136 -0.0005  0.0002 -0.0000  0.0001
 -0.0005  0.1088  0.0000  0.0001 -0.0000
  0.0002  0.0000  0.2232 -0.0003  0.0001
 -0.0000  0.0001 -0.0003  0.1088  0.0003
  0.0001 -0.0000  0.0001  0.0003  0.2309
spin component  2
  0.1114  0.0012 -0.0002 -0.0001 -0.0001
  0.0012  0.1075 -0.0000 -0.0001  0.0001
 -0.0002 -0.0000  0.2233 -0.0006  0.0001
 -0.0001 -0.0001 -0.0006  0.1077  0.0010
 -0.0001  0.0001  0.0001  0.0010  0.2309

32   2 2
spin component  1
  0.1148  0.0007  0.0001  0.0004 -0.0001
  0.0007  0.1103  0.0001  0.0001 -0.0001
  0.0001  0.0001  0.2230 -0.0001  0.0041
  0.0004  0.0001 -0.0001  0.1076 -0.0003
 -0.0001 -0.0001  0.0041 -0.0003  0.2333
spin component  2
  0.1122 -0.0007 -0.0001 -0.0004  0.0001
 -0.0007  0.1094 -0.0001 -0.0001  0.0000
 -0.0001 -0.0001  0.2234  0.0001  0.0043
 -0.0004 -0.0001  0.0001  0.1054  0.0003
  0.0001  0.0000  0.0043  0.0003  0.2339

33   2 2
spin component  1
  0.1114 -0.0006 -0.0001  0.0002  0.0001
 -0.0006  0.1089 -0.0000  0.0000 -0.0000
 -0.0001 -0.0000  0.2233  0.0004  0.0000
  0.0002  0.0000  0.0004  0.1092 -0.0006
  0.0001 -0.0000  0.0000 -0.0006  0.2311
spin component  2
  0.1136 -0.0000  0.0002 -0.0002 -0.0001
 -0.0000  0.1074  0.0000 -0.0000  0.0001
  0.0002  0.0000  0.2234  0.0005  0.0002
 -0.0002 -0.0000  0.0005  0.1075 -0.0008
 -0.0001  0.0001  0.0002 -0.0008  0.2311

34   2 2
spin component  1
  0.1125  0.0006  0.0001 -0.0006 -0.0004
  0.0006  0.1080  0.0004 -0.0007  0.0005
  0.0001  0.0004  0.2235 -0.0002 -0.0005
 -0.0006 -0.0007 -0.0002  0.1094  0.0011
 -0.0004  0.0005 -0.0005  0.0011  0.2305
spin component  2
  0.1120  0.0000  0.0003 -0.0005 -0.0010
  0.0000  0.1072  0.0003  0.0006  0.0004
  0.0003  0.0003  0.2240 -0.0001 -0.0006
 -0.0005  0.0006 -0.0001  0.1082  0.0010
 -0.0010  0.0004 -0.0006  0.0010  0.2308

35   2 2
spin component  1
  0.1164  0.0001 -0.0001 -0.0027  0.0002
  0.0001  0.1080  0.0018  0.0004  0.0010
 -0.0001  0.0018  0.2261 -0.0000  0.0050
 -0.0027  0.0004 -0.0000  0.1104  0.0002
  0.0002  0.0010  0.0050  0.0002  0.2316
spin component  2
  0.1141 -0.0001  0.0002 -0.0031 -0.0002
 -0.0001  0.1064  0.0019 -0.0004  0.0008
  0.0002  0.0019  0.2257  0.0000  0.0050
 -0.0031 -0.0004  0.0000  0.1056 -0.0001
 -0.0002  0.0008  0.0050 -0.0001  0.2320

36   2 2
spin component  1
  0.1134 -0.0003 -0.0001 -0.0015  0.0007
 -0.0003  0.1080  0.0004  0.0004  0.0008
 -0.0001  0.0004  0.2236  0.0002 -0.0006
 -0.0015  0.0004  0.0002  0.1091 -0.0007
  0.0007  0.0008 -0.0006 -0.0007  0.2306
spin component  2
  0.1114 -0.0004 -0.0002  0.0004  0.0006
 -0.0004  0.1073  0.0003 -0.0004  0.0002
 -0.0002  0.0003  0.2238  0.0001 -0.0005
  0.0004 -0.0004  0.0001  0.1087 -0.0013
  0.0006  0.0002 -0.0005 -0.0013  0.2307

37   2 2
spin component  1
  0.0000  0.0000  0.0000  0.0000  0.0000
  0.0000  0.0000  0.0000  0.0000  0.0000
  0.0000  0.0000  0.0000  0.0000  0.0000
  0.0000  0.0000  0.0000  0.0000  0.0000
  0.0000  0.0000  0.0000  0.0000  0.0000
spin component  2
  0.0000  0.0000  0.0000  0.0000  0.0000
  0.0000  0.0000  0.0000  0.0000  0.0000
  0.0000  0.0000  0.0000  0.0000  0.0000
  0.0000  0.0000  0.0000  0.0000  0.0000
  0.0000  0.0000  0.0000  0.0000  0.0000

38   2 2
spin component  1
  0.0000  0.0000  0.0000  0.0000  0.0000
  0.0000  0.0000  0.0000  0.0000  0.0000
  0.0000  0.0000  0.0000  0.0000  0.0000
  0.0000  0.0000  0.0000  0.0000  0.0000
  0.0000  0.0000  0.0000  0.0000  0.0000
spin component  2
  0.0000  0.0000  0.0000  0.0000  0.0000
  0.0000  0.0000  0.0000  0.0000  0.0000
  0.0000  0.0000  0.0000  0.0000  0.0000
  0.0000  0.0000  0.0000  0.0000  0.0000
  0.0000  0.0000  0.0000  0.0000  0.0000

39   2 2
spin component  1
  0.0000  0.0000  0.0000  0.0000  0.0000
  0.0000  0.0000  0.0000  0.0000  0.0000
  0.0000  0.0000  0.0000  0.0000  0.0000
  0.0000  0.0000  0.0000  0.0000  0.0000
  0.0000  0.0000  0.0000  0.0000  0.0000
spin component  2
  0.0000  0.0000  0.0000  0.0000  0.0000
  0.0000  0.0000  0.0000  0.0000  0.0000
  0.0000  0.0000  0.0000  0.0000  0.0000
  0.0000  0.0000  0.0000  0.0000  0.0000
  0.0000  0.0000  0.0000  0.0000  0.0000

40   2 2
spin component  1
  0.0000  0.0000  0.0000  0.0000  0.0000
  0.0000  0.0000  0.0000  0.0000  0.0000
  0.0000  0.0000  0.0000  0.0000  0.0000
  0.0000  0.0000  0.0000  0.0000  0.0000
  0.0000  0.0000  0.0000  0.0000  0.0000
spin component  2
  0.0000  0.0000  0.0000  0.0000  0.0000
  0.0000  0.0000  0.0000  0.0000  0.0000
  0.0000  0.0000  0.0000  0.0000  0.0000
  0.0000  0.0000  0.0000  0.0000  0.0000
  0.0000  0.0000  0.0000  0.0000  0.0000

41   2 2
spin component  1
  0.0000  0.0000  0.0000  0.0000  0.0000
  0.0000  0.0000  0.0000  0.0000  0.0000
  0.0000  0.0000  0.0000  0.0000  0.0000
  0.0000  0.0000  0.0000  0.0000  0.0000
  0.0000  0.0000  0.0000  0.0000  0.0000
spin component  2
  0.0000  0.0000  0.0000  0.0000  0.0000
  0.0000  0.0000  0.0000  0.0000  0.0000
  0.0000  0.0000  0.0000  0.0000  0.0000
  0.0000  0.0000  0.0000  0.0000  0.0000
  0.0000  0.0000  0.0000  0.0000  0.0000

42   2 2
spin component  1
  0.0000  0.0000  0.0000  0.0000  0.0000
  0.0000  0.0000  0.0000  0.0000  0.0000
  0.0000  0.0000  0.0000  0.0000  0.0000
  0.0000  0.0000  0.0000  0.0000  0.0000
  0.0000  0.0000  0.0000  0.0000  0.0000
spin component  2
  0.0000  0.0000  0.0000  0.0000  0.0000
  0.0000  0.0000  0.0000  0.0000  0.0000
  0.0000  0.0000  0.0000  0.0000  0.0000
  0.0000  0.0000  0.0000  0.0000  0.0000
  0.0000  0.0000  0.0000  0.0000  0.0000

43   2 2
spin component  1
  0.0000  0.0000  0.0000  0.0000  0.0000
  0.0000  0.0000  0.0000  0.0000  0.0000
  0.0000  0.0000  0.0000  0.0000  0.0000
  0.0000  0.0000  0.0000  0.0000  0.0000
  0.0000  0.0000  0.0000  0.0000  0.0000
spin component  2
  0.0000  0.0000  0.0000  0.0000  0.0000
  0.0000  0.0000  0.0000  0.0000  0.0000
  0.0000  0.0000  0.0000  0.0000  0.0000
  0.0000  0.0000  0.0000  0.0000  0.0000
  0.0000  0.0000  0.0000  0.0000  0.0000

44   2 2
spin component  1
  0.0000  0.0000  0.0000  0.0000  0.0000
  0.0000  0.0000  0.0000  0.0000  0.0000
  0.0000  0.0000  0.0000  0.0000  0.0000
  0.0000  0.0000  0.0000  0.0000  0.0000
  0.0000  0.0000  0.0000  0.0000  0.0000
spin component  2
  0.0000  0.0000  0.0000  0.0000  0.0000
  0.0000  0.0000  0.0000  0.0000  0.0000
  0.0000  0.0000  0.0000  0.0000  0.0000
  0.0000  0.0000  0.0000  0.0000  0.0000
  0.0000  0.0000  0.0000  0.0000  0.0000

45   2 2
spin component  1
  0.0000  0.0000  0.0000  0.0000  0.0000
  0.0000  0.0000  0.0000  0.0000  0.0000
  0.0000  0.0000  0.0000  0.0000  0.0000
  0.0000  0.0000  0.0000  0.0000  0.0000
  0.0000  0.0000  0.0000  0.0000  0.0000
spin component  2
  0.0000  0.0000  0.0000  0.0000  0.0000
  0.0000  0.0000  0.0000  0.0000  0.0000
  0.0000  0.0000  0.0000  0.0000  0.0000
  0.0000  0.0000  0.0000  0.0000  0.0000
  0.0000  0.0000  0.0000  0.0000  0.0000

46   2 2
spin component  1
  0.0000  0.0000  0.0000  0.0000  0.0000
  0.0000  0.0000  0.0000  0.0000  0.0000
  0.0000  0.0000  0.0000  0.0000  0.0000
  0.0000  0.0000  0.0000  0.0000  0.0000
  0.0000  0.0000  0.0000  0.0000  0.0000
spin component  2
  0.0000  0.0000  0.0000  0.0000  0.0000
  0.0000  0.0000  0.0000  0.0000  0.0000
  0.0000  0.0000  0.0000  0.0000  0.0000
  0.0000  0.0000  0.0000  0.0000  0.0000
  0.0000  0.0000  0.0000  0.0000  0.0000

47   2 2
spin component  1
  0.0000  0.0000  0.0000  0.0000  0.0000
  0.0000  0.0000  0.0000  0.0000  0.0000
  0.0000  0.0000  0.0000  0.0000  0.0000
  0.0000  0.0000  0.0000  0.0000  0.0000
  0.0000  0.0000  0.0000  0.0000  0.0000
spin component  2
  0.0000  0.0000  0.0000  0.0000  0.0000
  0.0000  0.0000  0.0000  0.0000  0.0000
  0.0000  0.0000  0.0000  0.0000  0.0000
  0.0000  0.0000  0.0000  0.0000  0.0000
  0.0000  0.0000  0.0000  0.0000  0.0000

48   2 2
spin component  1
  0.0000  0.0000  0.0000  0.0000  0.0000
  0.0000  0.0000  0.0000  0.0000  0.0000
  0.0000  0.0000  0.0000  0.0000  0.0000
  0.0000  0.0000  0.0000  0.0000  0.0000
  0.0000  0.0000  0.0000  0.0000  0.0000
spin component  2
  0.0000  0.0000  0.0000  0.0000  0.0000
  0.0000  0.0000  0.0000  0.0000  0.0000
  0.0000  0.0000  0.0000  0.0000  0.0000
  0.0000  0.0000  0.0000  0.0000  0.0000
  0.0000  0.0000  0.0000  0.0000  0.0000

49   2 2
spin component  1
  0.0000  0.0000  0.0000  0.0000  0.0000
  0.0000  0.0000  0.0000  0.0000  0.0000
  0.0000  0.0000  0.0000  0.0000  0.0000
  0.0000  0.0000  0.0000  0.0000  0.0000
  0.0000  0.0000  0.0000  0.0000  0.0000
spin component  2
  0.0000  0.0000  0.0000  0.0000  0.0000
  0.0000  0.0000  0.0000  0.0000  0.0000
  0.0000  0.0000  0.0000  0.0000  0.0000
  0.0000  0.0000  0.0000  0.0000  0.0000
  0.0000  0.0000  0.0000  0.0000  0.0000

50   2 2
spin component  1
  0.0000  0.0000  0.0000  0.0000  0.0000
  0.0000  0.0000  0.0000  0.0000  0.0000
  0.0000  0.0000  0.0000  0.0000  0.0000
  0.0000  0.0000  0.0000  0.0000  0.0000
  0.0000  0.0000  0.0000  0.0000  0.0000
spin component  2
  0.0000  0.0000  0.0000  0.0000  0.0000
  0.0000  0.0000  0.0000  0.0000  0.0000
  0.0000  0.0000  0.0000  0.0000  0.0000
  0.0000  0.0000  0.0000  0.0000  0.0000
  0.0000  0.0000  0.0000  0.0000  0.0000

51   2 2
spin component  1
  0.0000  0.0000  0.0000  0.0000  0.0000
  0.0000  0.0000  0.0000  0.0000  0.0000
  0.0000  0.0000  0.0000  0.0000  0.0000
  0.0000  0.0000  0.0000  0.0000  0.0000
  0.0000  0.0000  0.0000  0.0000  0.0000
spin component  2
  0.0000  0.0000  0.0000  0.0000  0.0000
  0.0000  0.0000  0.0000  0.0000  0.0000
  0.0000  0.0000  0.0000  0.0000  0.0000
  0.0000  0.0000  0.0000  0.0000  0.0000
  0.0000  0.0000  0.0000  0.0000  0.0000

52   2 2
spin component  1
  0.0000  0.0000  0.0000  0.0000  0.0000
  0.0000  0.0000  0.0000  0.0000  0.0000
  0.0000  0.0000  0.0000  0.0000  0.0000
  0.0000  0.0000  0.0000  0.0000  0.0000
  0.0000  0.0000  0.0000  0.0000  0.0000
spin component  2
  0.0000  0.0000  0.0000  0.0000  0.0000
  0.0000  0.0000  0.0000  0.0000  0.0000
  0.0000  0.0000  0.0000  0.0000  0.0000
  0.0000  0.0000  0.0000  0.0000  0.0000
  0.0000  0.0000  0.0000  0.0000  0.0000

53   2 2
spin component  1
  0.0000  0.0000  0.0000  0.0000  0.0000
  0.0000  0.0000  0.0000  0.0000  0.0000
  0.0000  0.0000  0.0000  0.0000  0.0000
  0.0000  0.0000  0.0000  0.0000  0.0000
  0.0000  0.0000  0.0000  0.0000  0.0000
spin component  2
  0.0000  0.0000  0.0000  0.0000  0.0000
  0.0000  0.0000  0.0000  0.0000  0.0000
  0.0000  0.0000  0.0000  0.0000  0.0000
  0.0000  0.0000  0.0000  0.0000  0.0000
  0.0000  0.0000  0.0000  0.0000  0.0000

54   2 2
spin component  1
  0.0000  0.0000  0.0000  0.0000  0.0000
  0.0000  0.0000  0.0000  0.0000  0.0000
  0.0000  0.0000  0.0000  0.0000  0.0000
  0.0000  0.0000  0.0000  0.0000  0.0000
  0.0000  0.0000  0.0000  0.0000  0.0000
spin component  2
  0.0000  0.0000  0.0000  0.0000  0.0000
  0.0000  0.0000  0.0000  0.0000  0.0000
  0.0000  0.0000  0.0000  0.0000  0.0000
  0.0000  0.0000  0.0000  0.0000  0.0000
  0.0000  0.0000  0.0000  0.0000  0.0000

55   2 2
spin component  1
  0.0000  0.0000  0.0000  0.0000  0.0000
  0.0000  0.0000  0.0000  0.0000  0.0000
  0.0000  0.0000  0.0000  0.0000  0.0000
  0.0000  0.0000  0.0000  0.0000  0.0000
  0.0000  0.0000  0.0000  0.0000  0.0000
spin component  2
  0.0000  0.0000  0.0000  0.0000  0.0000
  0.0000  0.0000  0.0000  0.0000  0.0000
  0.0000  0.0000  0.0000  0.0000  0.0000
  0.0000  0.0000  0.0000  0.0000  0.0000
  0.0000  0.0000  0.0000  0.0000  0.0000

56   2 2
spin component  1
  0.0000  0.0000  0.0000  0.0000  0.0000
  0.0000  0.0000  0.0000  0.0000  0.0000
  0.0000  0.0000  0.0000  0.0000  0.0000
  0.0000  0.0000  0.0000  0.0000  0.0000
  0.0000  0.0000  0.0000  0.0000  0.0000
spin component  2
  0.0000  0.0000  0.0000  0.0000  0.0000
  0.0000  0.0000  0.0000  0.0000  0.0000
  0.0000  0.0000  0.0000  0.0000  0.0000
  0.0000  0.0000  0.0000  0.0000  0.0000
  0.0000  0.0000  0.0000  0.0000  0.0000

57   2 2
spin component  1
  0.0000  0.0000  0.0000  0.0000  0.0000
  0.0000  0.0000  0.0000  0.0000  0.0000
  0.0000  0.0000  0.0000  0.0000  0.0000
  0.0000  0.0000  0.0000  0.0000  0.0000
  0.0000  0.0000  0.0000  0.0000  0.0000
spin component  2
  0.0000  0.0000  0.0000  0.0000  0.0000
  0.0000  0.0000  0.0000  0.0000  0.0000
  0.0000  0.0000  0.0000  0.0000  0.0000
  0.0000  0.0000  0.0000  0.0000  0.0000
  0.0000  0.0000  0.0000  0.0000  0.0000

58   2 2
spin component  1
  0.0000  0.0000  0.0000  0.0000  0.0000
  0.0000  0.0000  0.0000  0.0000  0.0000
  0.0000  0.0000  0.0000  0.0000  0.0000
  0.0000  0.0000  0.0000  0.0000  0.0000
  0.0000  0.0000  0.0000  0.0000  0.0000
spin component  2
  0.0000  0.0000  0.0000  0.0000  0.0000
  0.0000  0.0000  0.0000  0.0000  0.0000
  0.0000  0.0000  0.0000  0.0000  0.0000
  0.0000  0.0000  0.0000  0.0000  0.0000
  0.0000  0.0000  0.0000  0.0000  0.0000

59   2 2
spin component  1
  0.0000  0.0000  0.0000  0.0000  0.0000
  0.0000  0.0000  0.0000  0.0000  0.0000
  0.0000  0.0000  0.0000  0.0000  0.0000
  0.0000  0.0000  0.0000  0.0000  0.0000
  0.0000  0.0000  0.0000  0.0000  0.0000
spin component  2
  0.0000  0.0000  0.0000  0.0000  0.0000
  0.0000  0.0000  0.0000  0.0000  0.0000
  0.0000  0.0000  0.0000  0.0000  0.0000
  0.0000  0.0000  0.0000  0.0000  0.0000
  0.0000  0.0000  0.0000  0.0000  0.0000

60   2 2
spin component  1
  0.0000  0.0000  0.0000  0.0000  0.0000
  0.0000  0.0000  0.0000  0.0000  0.0000
  0.0000  0.0000  0.0000  0.0000  0.0000
  0.0000  0.0000  0.0000  0.0000  0.0000
  0.0000  0.0000  0.0000  0.0000  0.0000
spin component  2
  0.0000  0.0000  0.0000  0.0000  0.0000
  0.0000  0.0000  0.0000  0.0000  0.0000
  0.0000  0.0000  0.0000  0.0000  0.0000
  0.0000  0.0000  0.0000  0.0000  0.0000
  0.0000  0.0000  0.0000  0.0000  0.0000

61   2 2
spin component  1
  0.0000  0.0000  0.0000  0.0000  0.0000
  0.0000  0.0000  0.0000  0.0000  0.0000
  0.0000  0.0000  0.0000  0.0000  0.0000
  0.0000  0.0000  0.0000  0.0000  0.0000
  0.0000  0.0000  0.0000  0.0000  0.0000
spin component  2
  0.0000  0.0000  0.0000  0.0000  0.0000
  0.0000  0.0000  0.0000  0.0000  0.0000
  0.0000  0.0000  0.0000  0.0000  0.0000
  0.0000  0.0000  0.0000  0.0000  0.0000
  0.0000  0.0000  0.0000  0.0000  0.0000

62   2 2
spin component  1
  0.0000  0.0000  0.0000  0.0000  0.0000
  0.0000  0.0000  0.0000  0.0000  0.0000
  0.0000  0.0000  0.0000  0.0000  0.0000
  0.0000  0.0000  0.0000  0.0000  0.0000
  0.0000  0.0000  0.0000  0.0000  0.0000
spin component  2
  0.0000  0.0000  0.0000  0.0000  0.0000
  0.0000  0.0000  0.0000  0.0000  0.0000
  0.0000  0.0000  0.0000  0.0000  0.0000
  0.0000  0.0000  0.0000  0.0000  0.0000
  0.0000  0.0000  0.0000  0.0000  0.0000

63   2 2
spin component  1
  0.0000  0.0000  0.0000  0.0000  0.0000
  0.0000  0.0000  0.0000  0.0000  0.0000
  0.0000  0.0000  0.0000  0.0000  0.0000
  0.0000  0.0000  0.0000  0.0000  0.0000
  0.0000  0.0000  0.0000  0.0000  0.0000
spin component  2
  0.0000  0.0000  0.0000  0.0000  0.0000
  0.0000  0.0000  0.0000  0.0000  0.0000
  0.0000  0.0000  0.0000  0.0000  0.0000
  0.0000  0.0000  0.0000  0.0000  0.0000
  0.0000  0.0000  0.0000  0.0000  0.0000

64   2 2
spin component  1
  0.0000  0.0000  0.0000  0.0000  0.0000
  0.0000  0.0000  0.0000  0.0000  0.0000
  0.0000  0.0000  0.0000  0.0000  0.0000
  0.0000  0.0000  0.0000  0.0000  0.0000
  0.0000  0.0000  0.0000  0.0000  0.0000
spin component  2
  0.0000  0.0000  0.0000  0.0000  0.0000
  0.0000  0.0000  0.0000  0.0000  0.0000
  0.0000  0.0000  0.0000  0.0000  0.0000
  0.0000  0.0000  0.0000  0.0000  0.0000
  0.0000  0.0000  0.0000  0.0000  0.0000

65   2 2
spin component  1
  0.0000  0.0000  0.0000  0.0000  0.0000
  0.0000  0.0000  0.0000  0.0000  0.0000
  0.0000  0.0000  0.0000  0.0000  0.0000
  0.0000  0.0000  0.0000  0.0000  0.0000
  0.0000  0.0000  0.0000  0.0000  0.0000
spin component  2
  0.0000  0.0000  0.0000  0.0000  0.0000
  0.0000  0.0000  0.0000  0.0000  0.0000
  0.0000  0.0000  0.0000  0.0000  0.0000
  0.0000  0.0000  0.0000  0.0000  0.0000
  0.0000  0.0000  0.0000  0.0000  0.0000

66   2 2
spin component  1
  0.0000  0.0000  0.0000  0.0000  0.0000
  0.0000  0.0000  0.0000  0.0000  0.0000
  0.0000  0.0000  0.0000  0.0000  0.0000
  0.0000  0.0000  0.0000  0.0000  0.0000
  0.0000  0.0000  0.0000  0.0000  0.0000
spin component  2
  0.0000  0.0000  0.0000  0.0000  0.0000
  0.0000  0.0000  0.0000  0.0000  0.0000
  0.0000  0.0000  0.0000  0.0000  0.0000
  0.0000  0.0000  0.0000  0.0000  0.0000
  0.0000  0.0000  0.0000  0.0000  0.0000

67   2 2
spin component  1
  0.0000  0.0000  0.0000  0.0000  0.0000
  0.0000  0.0000  0.0000  0.0000  0.0000
  0.0000  0.0000  0.0000  0.0000  0.0000
  0.0000  0.0000  0.0000  0.0000  0.0000
  0.0000  0.0000  0.0000  0.0000  0.0000
spin component  2
  0.0000  0.0000  0.0000  0.0000  0.0000
  0.0000  0.0000  0.0000  0.0000  0.0000
  0.0000  0.0000  0.0000  0.0000  0.0000
  0.0000  0.0000  0.0000  0.0000  0.0000
  0.0000  0.0000  0.0000  0.0000  0.0000

68   2 2
spin component  1
  0.0000  0.0000  0.0000  0.0000  0.0000
  0.0000  0.0000  0.0000  0.0000  0.0000
  0.0000  0.0000  0.0000  0.0000  0.0000
  0.0000  0.0000  0.0000  0.0000  0.0000
  0.0000  0.0000  0.0000  0.0000  0.0000
spin component  2
  0.0000  0.0000  0.0000  0.0000  0.0000
  0.0000  0.0000  0.0000  0.0000  0.0000
  0.0000  0.0000  0.0000  0.0000  0.0000
  0.0000  0.0000  0.0000  0.0000  0.0000
  0.0000  0.0000  0.0000  0.0000  0.0000

69   2 2
spin component  1
  0.0000  0.0000  0.0000  0.0000  0.0000
  0.0000  0.0000  0.0000  0.0000  0.0000
  0.0000  0.0000  0.0000  0.0000  0.0000
  0.0000  0.0000  0.0000  0.0000  0.0000
  0.0000  0.0000  0.0000  0.0000  0.0000
spin component  2
  0.0000  0.0000  0.0000  0.0000  0.0000
  0.0000  0.0000  0.0000  0.0000  0.0000
  0.0000  0.0000  0.0000  0.0000  0.0000
  0.0000  0.0000  0.0000  0.0000  0.0000
  0.0000  0.0000  0.0000  0.0000  0.0000

70   2 2
spin component  1
  0.0000  0.0000  0.0000  0.0000  0.0000
  0.0000  0.0000  0.0000  0.0000  0.0000
  0.0000  0.0000  0.0000  0.0000  0.0000
  0.0000  0.0000  0.0000  0.0000  0.0000
  0.0000  0.0000  0.0000  0.0000  0.0000
spin component  2
  0.0000  0.0000  0.0000  0.0000  0.0000
  0.0000  0.0000  0.0000  0.0000  0.0000
  0.0000  0.0000  0.0000  0.0000  0.0000
  0.0000  0.0000  0.0000  0.0000  0.0000
  0.0000  0.0000  0.0000  0.0000  0.0000

71   2 2
spin component  1
  0.0000  0.0000  0.0000  0.0000  0.0000
  0.0000  0.0000  0.0000  0.0000  0.0000
  0.0000  0.0000  0.0000  0.0000  0.0000
  0.0000  0.0000  0.0000  0.0000  0.0000
  0.0000  0.0000  0.0000  0.0000  0.0000
spin component  2
  0.0000  0.0000  0.0000  0.0000  0.0000
  0.0000  0.0000  0.0000  0.0000  0.0000
  0.0000  0.0000  0.0000  0.0000  0.0000
  0.0000  0.0000  0.0000  0.0000  0.0000
  0.0000  0.0000  0.0000  0.0000  0.0000

72   2 2
spin component  1
  0.0000  0.0000  0.0000  0.0000  0.0000
  0.0000  0.0000  0.0000  0.0000  0.0000
  0.0000  0.0000  0.0000  0.0000  0.0000
  0.0000  0.0000  0.0000  0.0000  0.0000
  0.0000  0.0000  0.0000  0.0000  0.0000
spin component  2
  0.0000  0.0000  0.0000  0.0000  0.0000
  0.0000  0.0000  0.0000  0.0000  0.0000
  0.0000  0.0000  0.0000  0.0000  0.0000
  0.0000  0.0000  0.0000  0.0000  0.0000
  0.0000  0.0000  0.0000  0.0000  0.0000

73   2 2
spin component  1
  0.0000  0.0000  0.0000  0.0000  0.0000
  0.0000  0.0000  0.0000  0.0000  0.0000
  0.0000  0.0000  0.0000  0.0000  0.0000
  0.0000  0.0000  0.0000  0.0000  0.0000
  0.0000  0.0000  0.0000  0.0000  0.0000
spin component  2
  0.0000  0.0000  0.0000  0.0000  0.0000
  0.0000  0.0000  0.0000  0.0000  0.0000
  0.0000  0.0000  0.0000  0.0000  0.0000
  0.0000  0.0000  0.0000  0.0000  0.0000
  0.0000  0.0000  0.0000  0.0000  0.0000

74   2 2
spin component  1
  0.0000  0.0000  0.0000  0.0000  0.0000
  0.0000  0.0000  0.0000  0.0000  0.0000
  0.0000  0.0000  0.0000  0.0000  0.0000
  0.0000  0.0000  0.0000  0.0000  0.0000
  0.0000  0.0000  0.0000  0.0000  0.0000
spin component  2
  0.0000  0.0000  0.0000  0.0000  0.0000
  0.0000  0.0000  0.0000  0.0000  0.0000
  0.0000  0.0000  0.0000  0.0000  0.0000
  0.0000  0.0000  0.0000  0.0000  0.0000
  0.0000  0.0000  0.0000  0.0000  0.0000

75   2 2
spin component  1
  0.0000  0.0000  0.0000  0.0000  0.0000
  0.0000  0.0000  0.0000  0.0000  0.0000
  0.0000  0.0000  0.0000  0.0000  0.0000
  0.0000  0.0000  0.0000  0.0000  0.0000
  0.0000  0.0000  0.0000  0.0000  0.0000
spin component  2
  0.0000  0.0000  0.0000  0.0000  0.0000
  0.0000  0.0000  0.0000  0.0000  0.0000
  0.0000  0.0000  0.0000  0.0000  0.0000
  0.0000  0.0000  0.0000  0.0000  0.0000
  0.0000  0.0000  0.0000  0.0000  0.0000

76   2 2
spin component  1
  0.0000  0.0000  0.0000  0.0000  0.0000
  0.0000  0.0000  0.0000  0.0000  0.0000
  0.0000  0.0000  0.0000  0.0000  0.0000
  0.0000  0.0000  0.0000  0.0000  0.0000
  0.0000  0.0000  0.0000  0.0000  0.0000
spin component  2
  0.0000  0.0000  0.0000  0.0000  0.0000
  0.0000  0.0000  0.0000  0.0000  0.0000
  0.0000  0.0000  0.0000  0.0000  0.0000
  0.0000  0.0000  0.0000  0.0000  0.0000
  0.0000  0.0000  0.0000  0.0000  0.0000

77   2 2
spin component  1
  0.0000  0.0000  0.0000  0.0000  0.0000
  0.0000  0.0000  0.0000  0.0000  0.0000
  0.0000  0.0000  0.0000  0.0000  0.0000
  0.0000  0.0000  0.0000  0.0000  0.0000
  0.0000  0.0000  0.0000  0.0000  0.0000
spin component  2
  0.0000  0.0000  0.0000  0.0000  0.0000
  0.0000  0.0000  0.0000  0.0000  0.0000
  0.0000  0.0000  0.0000  0.0000  0.0000
  0.0000  0.0000  0.0000  0.0000  0.0000
  0.0000  0.0000  0.0000  0.0000  0.0000

78   2 2
spin component  1
  0.0000  0.0000  0.0000  0.0000  0.0000
  0.0000  0.0000  0.0000  0.0000  0.0000
  0.0000  0.0000  0.0000  0.0000  0.0000
  0.0000  0.0000  0.0000  0.0000  0.0000
  0.0000  0.0000  0.0000  0.0000  0.0000
spin component  2
  0.0000  0.0000  0.0000  0.0000  0.0000
  0.0000  0.0000  0.0000  0.0000  0.0000
  0.0000  0.0000  0.0000  0.0000  0.0000
  0.0000  0.0000  0.0000  0.0000  0.0000
  0.0000  0.0000  0.0000  0.0000  0.0000

79   2 2
spin component  1
  0.0000  0.0000  0.0000  0.0000  0.0000
  0.0000  0.0000  0.0000  0.0000  0.0000
  0.0000  0.0000  0.0000  0.0000  0.0000
  0.0000  0.0000  0.0000  0.0000  0.0000
  0.0000  0.0000  0.0000  0.0000  0.0000
spin component  2
  0.0000  0.0000  0.0000  0.0000  0.0000
  0.0000  0.0000  0.0000  0.0000  0.0000
  0.0000  0.0000  0.0000  0.0000  0.0000
  0.0000  0.0000  0.0000  0.0000  0.0000
  0.0000  0.0000  0.0000  0.0000  0.0000

80   2 2
spin component  1
  0.0000  0.0000  0.0000  0.0000  0.0000
  0.0000  0.0000  0.0000  0.0000  0.0000
  0.0000  0.0000  0.0000  0.0000  0.0000
  0.0000  0.0000  0.0000  0.0000  0.0000
  0.0000  0.0000  0.0000  0.0000  0.0000
spin component  2
  0.0000  0.0000  0.0000  0.0000  0.0000
  0.0000  0.0000  0.0000  0.0000  0.0000
  0.0000  0.0000  0.0000  0.0000  0.0000
  0.0000  0.0000  0.0000  0.0000  0.0000
  0.0000  0.0000  0.0000  0.0000  0.0000

81   2 2
spin component  1
  0.0000  0.0000  0.0000  0.0000  0.0000
  0.0000  0.0000  0.0000  0.0000  0.0000
  0.0000  0.0000  0.0000  0.0000  0.0000
  0.0000  0.0000  0.0000  0.0000  0.0000
  0.0000  0.0000  0.0000  0.0000  0.0000
spin component  2
  0.0000  0.0000  0.0000  0.0000  0.0000
  0.0000  0.0000  0.0000  0.0000  0.0000
  0.0000  0.0000  0.0000  0.0000  0.0000
  0.0000  0.0000  0.0000  0.0000  0.0000
  0.0000  0.0000  0.0000  0.0000  0.0000

82   2 2
spin component  1
  0.0000  0.0000  0.0000  0.0000  0.0000
  0.0000  0.0000  0.0000  0.0000  0.0000
  0.0000  0.0000  0.0000  0.0000  0.0000
  0.0000  0.0000  0.0000  0.0000  0.0000
  0.0000  0.0000  0.0000  0.0000  0.0000
spin component  2
  0.0000  0.0000  0.0000  0.0000  0.0000
  0.0000  0.0000  0.0000  0.0000  0.0000
  0.0000  0.0000  0.0000  0.0000  0.0000
  0.0000  0.0000  0.0000  0.0000  0.0000
  0.0000  0.0000  0.0000  0.0000  0.0000

83   2 2
spin component  1
  0.0000  0.0000  0.0000  0.0000  0.0000
  0.0000  0.0000  0.0000  0.0000  0.0000
  0.0000  0.0000  0.0000  0.0000  0.0000
  0.0000  0.0000  0.0000  0.0000  0.0000
  0.0000  0.0000  0.0000  0.0000  0.0000
spin component  2
  0.0000  0.0000  0.0000  0.0000  0.0000
  0.0000  0.0000  0.0000  0.0000  0.0000
  0.0000  0.0000  0.0000  0.0000  0.0000
  0.0000  0.0000  0.0000  0.0000  0.0000
  0.0000  0.0000  0.0000  0.0000  0.0000

84   2 2
spin component  1
  0.0000  0.0000  0.0000  0.0000  0.0000
  0.0000  0.0000  0.0000  0.0000  0.0000
  0.0000  0.0000  0.0000  0.0000  0.0000
  0.0000  0.0000  0.0000  0.0000  0.0000
  0.0000  0.0000  0.0000  0.0000  0.0000
spin component  2
  0.0000  0.0000  0.0000  0.0000  0.0000
  0.0000  0.0000  0.0000  0.0000  0.0000
  0.0000  0.0000  0.0000  0.0000  0.0000
  0.0000  0.0000  0.0000  0.0000  0.0000
  0.0000  0.0000  0.0000  0.0000  0.0000

85   2 2
spin component  1
  0.0000  0.0000  0.0000  0.0000  0.0000
  0.0000  0.0000  0.0000  0.0000  0.0000
  0.0000  0.0000  0.0000  0.0000  0.0000
  0.0000  0.0000  0.0000  0.0000  0.0000
  0.0000  0.0000  0.0000  0.0000  0.0000
spin component  2
  0.0000  0.0000  0.0000  0.0000  0.0000
  0.0000  0.0000  0.0000  0.0000  0.0000
  0.0000  0.0000  0.0000  0.0000  0.0000
  0.0000  0.0000  0.0000  0.0000  0.0000
  0.0000  0.0000  0.0000  0.0000  0.0000

86   2 2
spin component  1
  0.0000  0.0000  0.0000  0.0000  0.0000
  0.0000  0.0000  0.0000  0.0000  0.0000
  0.0000  0.0000  0.0000  0.0000  0.0000
  0.0000  0.0000  0.0000  0.0000  0.0000
  0.0000  0.0000  0.0000  0.0000  0.0000
spin component  2
  0.0000  0.0000  0.0000  0.0000  0.0000
  0.0000  0.0000  0.0000  0.0000  0.0000
  0.0000  0.0000  0.0000  0.0000  0.0000
  0.0000  0.0000  0.0000  0.0000  0.0000
  0.0000  0.0000  0.0000  0.0000  0.0000

87   2 2
spin component  1
  0.0000  0.0000  0.0000  0.0000  0.0000
  0.0000  0.0000  0.0000  0.0000  0.0000
  0.0000  0.0000  0.0000  0.0000  0.0000
  0.0000  0.0000  0.0000  0.0000  0.0000
  0.0000  0.0000  0.0000  0.0000  0.0000
spin component  2
  0.0000  0.0000  0.0000  0.0000  0.0000
  0.0000  0.0000  0.0000  0.0000  0.0000
  0.0000  0.0000  0.0000  0.0000  0.0000
  0.0000  0.0000  0.0000  0.0000  0.0000
  0.0000  0.0000  0.0000  0.0000  0.0000

88   2 2
spin component  1
  0.0000  0.0000  0.0000  0.0000  0.0000
  0.0000  0.0000  0.0000  0.0000  0.0000
  0.0000  0.0000  0.0000  0.0000  0.0000
  0.0000  0.0000  0.0000  0.0000  0.0000
  0.0000  0.0000  0.0000  0.0000  0.0000
spin component  2
  0.0000  0.0000  0.0000  0.0000  0.0000
  0.0000  0.0000  0.0000  0.0000  0.0000
  0.0000  0.0000  0.0000  0.0000  0.0000
  0.0000  0.0000  0.0000  0.0000  0.0000
  0.0000  0.0000  0.0000  0.0000  0.0000

89   2 2
spin component  1
  0.0000  0.0000  0.0000  0.0000  0.0000
  0.0000  0.0000  0.0000  0.0000  0.0000
  0.0000  0.0000  0.0000  0.0000  0.0000
  0.0000  0.0000  0.0000  0.0000  0.0000
  0.0000  0.0000  0.0000  0.0000  0.0000
spin component  2
  0.0000  0.0000  0.0000  0.0000  0.0000
  0.0000  0.0000  0.0000  0.0000  0.0000
  0.0000  0.0000  0.0000  0.0000  0.0000
  0.0000  0.0000  0.0000  0.0000  0.0000
  0.0000  0.0000  0.0000  0.0000  0.0000

90   2 2
spin component  1
  0.0000  0.0000  0.0000  0.0000  0.0000
  0.0000  0.0000  0.0000  0.0000  0.0000
  0.0000  0.0000  0.0000  0.0000  0.0000
  0.0000  0.0000  0.0000  0.0000  0.0000
  0.0000  0.0000  0.0000  0.0000  0.0000
spin component  2
  0.0000  0.0000  0.0000  0.0000  0.0000
  0.0000  0.0000  0.0000  0.0000  0.0000
  0.0000  0.0000  0.0000  0.0000  0.0000
  0.0000  0.0000  0.0000  0.0000  0.0000
  0.0000  0.0000  0.0000  0.0000  0.0000

91   2 2
spin component  1
  0.0000  0.0000  0.0000  0.0000  0.0000
  0.0000  0.0000  0.0000  0.0000  0.0000
  0.0000  0.0000  0.0000  0.0000  0.0000
  0.0000  0.0000  0.0000  0.0000  0.0000
  0.0000  0.0000  0.0000  0.0000  0.0000
spin component  2
  0.0000  0.0000  0.0000  0.0000  0.0000
  0.0000  0.0000  0.0000  0.0000  0.0000
  0.0000  0.0000  0.0000  0.0000  0.0000
  0.0000  0.0000  0.0000  0.0000  0.0000
  0.0000  0.0000  0.0000  0.0000  0.0000

92   2 2
spin component  1
  0.0000  0.0000  0.0000  0.0000  0.0000
  0.0000  0.0000  0.0000  0.0000  0.0000
  0.0000  0.0000  0.0000  0.0000  0.0000
  0.0000  0.0000  0.0000  0.0000  0.0000
  0.0000  0.0000  0.0000  0.0000  0.0000
spin component  2
  0.0000  0.0000  0.0000  0.0000  0.0000
  0.0000  0.0000  0.0000  0.0000  0.0000
  0.0000  0.0000  0.0000  0.0000  0.0000
  0.0000  0.0000  0.0000  0.0000  0.0000
  0.0000  0.0000  0.0000  0.0000  0.0000

93   2 2
spin component  1
  0.0000  0.0000  0.0000  0.0000  0.0000
  0.0000  0.0000  0.0000  0.0000  0.0000
  0.0000  0.0000  0.0000  0.0000  0.0000
  0.0000  0.0000  0.0000  0.0000  0.0000
  0.0000  0.0000  0.0000  0.0000  0.0000
spin component  2
  0.0000  0.0000  0.0000  0.0000  0.0000
  0.0000  0.0000  0.0000  0.0000  0.0000
  0.0000  0.0000  0.0000  0.0000  0.0000
  0.0000  0.0000  0.0000  0.0000  0.0000
  0.0000  0.0000  0.0000  0.0000  0.0000

94   2 2
spin component  1
  0.0000  0.0000  0.0000  0.0000  0.0000
  0.0000  0.0000  0.0000  0.0000  0.0000
  0.0000  0.0000  0.0000  0.0000  0.0000
  0.0000  0.0000  0.0000  0.0000  0.0000
  0.0000  0.0000  0.0000  0.0000  0.0000
spin component  2
  0.0000  0.0000  0.0000  0.0000  0.0000
  0.0000  0.0000  0.0000  0.0000  0.0000
  0.0000  0.0000  0.0000  0.0000  0.0000
  0.0000  0.0000  0.0000  0.0000  0.0000
  0.0000  0.0000  0.0000  0.0000  0.0000

95   2 2
spin component  1
  0.0000  0.0000  0.0000  0.0000  0.0000
  0.0000  0.0000  0.0000  0.0000  0.0000
  0.0000  0.0000  0.0000  0.0000  0.0000
  0.0000  0.0000  0.0000  0.0000  0.0000
  0.0000  0.0000  0.0000  0.0000  0.0000
spin component  2
  0.0000  0.0000  0.0000  0.0000  0.0000
  0.0000  0.0000  0.0000  0.0000  0.0000
  0.0000  0.0000  0.0000  0.0000  0.0000
  0.0000  0.0000  0.0000  0.0000  0.0000
  0.0000  0.0000  0.0000  0.0000  0.0000

96   2 2
spin component  1
  0.0000  0.0000  0.0000  0.0000  0.0000
  0.0000  0.0000  0.0000  0.0000  0.0000
  0.0000  0.0000  0.0000  0.0000  0.0000
  0.0000  0.0000  0.0000  0.0000  0.0000
  0.0000  0.0000  0.0000  0.0000  0.0000
spin component  2
  0.0000  0.0000  0.0000  0.0000  0.0000
  0.0000  0.0000  0.0000  0.0000  0.0000
  0.0000  0.0000  0.0000  0.0000  0.0000
  0.0000  0.0000  0.0000  0.0000  0.0000
  0.0000  0.0000  0.0000  0.0000  0.0000

97   2 2
spin component  1
  0.0000  0.0000  0.0000  0.0000  0.0000
  0.0000  0.0000  0.0000  0.0000  0.0000
  0.0000  0.0000  0.0000  0.0000  0.0000
  0.0000  0.0000  0.0000  0.0000  0.0000
  0.0000  0.0000  0.0000  0.0000  0.0000
spin component  2
  0.0000  0.0000  0.0000  0.0000  0.0000
  0.0000  0.0000  0.0000  0.0000  0.0000
  0.0000  0.0000  0.0000  0.0000  0.0000
  0.0000  0.0000  0.0000  0.0000  0.0000
  0.0000  0.0000  0.0000  0.0000  0.0000

98   2 2
spin component  1
  0.0000  0.0000  0.0000  0.0000  0.0000
  0.0000  0.0000  0.0000  0.0000  0.0000
  0.0000  0.0000  0.0000  0.0000  0.0000
  0.0000  0.0000  0.0000  0.0000  0.0000
  0.0000  0.0000  0.0000  0.0000  0.0000
spin component  2
  0.0000  0.0000  0.0000  0.0000  0.0000
  0.0000  0.0000  0.0000  0.0000  0.0000
  0.0000  0.0000  0.0000  0.0000  0.0000
  0.0000  0.0000  0.0000  0.0000  0.0000
  0.0000  0.0000  0.0000  0.0000  0.0000

99   2 2
spin component  1
  0.0000  0.0000  0.0000  0.0000  0.0000
  0.0000  0.0000  0.0000  0.0000  0.0000
  0.0000  0.0000  0.0000  0.0000  0.0000
  0.0000  0.0000  0.0000  0.0000  0.0000
  0.0000  0.0000  0.0000  0.0000  0.0000
spin component  2
  0.0000  0.0000  0.0000  0.0000  0.0000
  0.0000  0.0000  0.0000  0.0000  0.0000
  0.0000  0.0000  0.0000  0.0000  0.0000
  0.0000  0.0000  0.0000  0.0000  0.0000
  0.0000  0.0000  0.0000  0.0000  0.0000

100   2 2
spin component  1
  0.0000  0.0000  0.0000  0.0000  0.0000
  0.0000  0.0000  0.0000  0.0000  0.0000
  0.0000  0.0000  0.0000  0.0000  0.0000
  0.0000  0.0000  0.0000  0.0000  0.0000
  0.0000  0.0000  0.0000  0.0000  0.0000
spin component  2
  0.0000  0.0000  0.0000  0.0000  0.0000
  0.0000  0.0000  0.0000  0.0000  0.0000
  0.0000  0.0000  0.0000  0.0000  0.0000
  0.0000  0.0000  0.0000  0.0000  0.0000
  0.0000  0.0000  0.0000  0.0000  0.0000

101   2 2
spin component  1
  0.0000  0.0000  0.0000  0.0000  0.0000
  0.0000  0.0000  0.0000  0.0000  0.0000
  0.0000  0.0000  0.0000  0.0000  0.0000
  0.0000  0.0000  0.0000  0.0000  0.0000
  0.0000  0.0000  0.0000  0.0000  0.0000
spin component  2
  0.0000  0.0000  0.0000  0.0000  0.0000
  0.0000  0.0000  0.0000  0.0000  0.0000
  0.0000  0.0000  0.0000  0.0000  0.0000
  0.0000  0.0000  0.0000  0.0000  0.0000
  0.0000  0.0000  0.0000  0.0000  0.0000

102   2 2
spin component  1
  0.0000  0.0000  0.0000  0.0000  0.0000
  0.0000  0.0000  0.0000  0.0000  0.0000
  0.0000  0.0000  0.0000  0.0000  0.0000
  0.0000  0.0000  0.0000  0.0000  0.0000
  0.0000  0.0000  0.0000  0.0000  0.0000
spin component  2
  0.0000  0.0000  0.0000  0.0000  0.0000
  0.0000  0.0000  0.0000  0.0000  0.0000
  0.0000  0.0000  0.0000  0.0000  0.0000
  0.0000  0.0000  0.0000  0.0000  0.0000
  0.0000  0.0000  0.0000  0.0000  0.0000

103   2 2
spin component  1
  0.0000  0.0000  0.0000  0.0000  0.0000
  0.0000  0.0000  0.0000  0.0000  0.0000
  0.0000  0.0000  0.0000  0.0000  0.0000
  0.0000  0.0000  0.0000  0.0000  0.0000
  0.0000  0.0000  0.0000  0.0000  0.0000
spin component  2
  0.0000  0.0000  0.0000  0.0000  0.0000
  0.0000  0.0000  0.0000  0.0000  0.0000
  0.0000  0.0000  0.0000  0.0000  0.0000
  0.0000  0.0000  0.0000  0.0000  0.0000
  0.0000  0.0000  0.0000  0.0000  0.0000

104   2 2
spin component  1
  0.0000  0.0000  0.0000  0.0000  0.0000
  0.0000  0.0000  0.0000  0.0000  0.0000
  0.0000  0.0000  0.0000  0.0000  0.0000
  0.0000  0.0000  0.0000  0.0000  0.0000
  0.0000  0.0000  0.0000  0.0000  0.0000
spin component  2
  0.0000  0.0000  0.0000  0.0000  0.0000
  0.0000  0.0000  0.0000  0.0000  0.0000
  0.0000  0.0000  0.0000  0.0000  0.0000
  0.0000  0.0000  0.0000  0.0000  0.0000
  0.0000  0.0000  0.0000  0.0000  0.0000

105   2 2
spin component  1
  0.0000  0.0000  0.0000  0.0000  0.0000
  0.0000  0.0000  0.0000  0.0000  0.0000
  0.0000  0.0000  0.0000  0.0000  0.0000
  0.0000  0.0000  0.0000  0.0000  0.0000
  0.0000  0.0000  0.0000  0.0000  0.0000
spin component  2
  0.0000  0.0000  0.0000  0.0000  0.0000
  0.0000  0.0000  0.0000  0.0000  0.0000
  0.0000  0.0000  0.0000  0.0000  0.0000
  0.0000  0.0000  0.0000  0.0000  0.0000
  0.0000  0.0000  0.0000  0.0000  0.0000

106   2 2
spin component  1
  0.0000  0.0000  0.0000  0.0000  0.0000
  0.0000  0.0000  0.0000  0.0000  0.0000
  0.0000  0.0000  0.0000  0.0000  0.0000
  0.0000  0.0000  0.0000  0.0000  0.0000
  0.0000  0.0000  0.0000  0.0000  0.0000
spin component  2
  0.0000  0.0000  0.0000  0.0000  0.0000
  0.0000  0.0000  0.0000  0.0000  0.0000
  0.0000  0.0000  0.0000  0.0000  0.0000
  0.0000  0.0000  0.0000  0.0000  0.0000
  0.0000  0.0000  0.0000  0.0000  0.0000

107   2 2
spin component  1
  0.0000  0.0000  0.0000  0.0000  0.0000
  0.0000  0.0000  0.0000  0.0000  0.0000
  0.0000  0.0000  0.0000  0.0000  0.0000
  0.0000  0.0000  0.0000  0.0000  0.0000
  0.0000  0.0000  0.0000  0.0000  0.0000
spin component  2
  0.0000  0.0000  0.0000  0.0000  0.0000
  0.0000  0.0000  0.0000  0.0000  0.0000
  0.0000  0.0000  0.0000  0.0000  0.0000
  0.0000  0.0000  0.0000  0.0000  0.0000
  0.0000  0.0000  0.0000  0.0000  0.0000

108   2 2
spin component  1
  0.0000  0.0000  0.0000  0.0000  0.0000
  0.0000  0.0000  0.0000  0.0000  0.0000
  0.0000  0.0000  0.0000  0.0000  0.0000
  0.0000  0.0000  0.0000  0.0000  0.0000
  0.0000  0.0000  0.0000  0.0000  0.0000
spin component  2
  0.0000  0.0000  0.0000  0.0000  0.0000
  0.0000  0.0000  0.0000  0.0000  0.0000
  0.0000  0.0000  0.0000  0.0000  0.0000
  0.0000  0.0000  0.0000  0.0000  0.0000
  0.0000  0.0000  0.0000  0.0000  0.0000
